0.0 61918.8 4000
0.000001 25374.4 4000
0.000002 19626.4 4000
0.000003 16442.9 4000
0.000004 13999.5 4000
0.000005 12403.1 4000
0.000006 11413.2 4000
0.000007 10553.1 4000
0.000008 9838.13 4000
0.000009 9452.3 4000
0.00001 8538.57 4000
0.00002 6477.33 4000
0.00003 5242.98 4000
0.00004 4537.34 4000
0.00005 4152.76 4000
0.00006 3683.91 4000
0.00007 3603.05 4000
0.00008 3180.99 4000
0.00009 3232.58 4000
0.0001 2865.87 4000
0.0002 2255.2 4000
0.0003 2085.54 4000
0.0004 1681.26 4000
0.0005 1587.1 4000
0.0006 1508.11 4000
0.0007 1542.65 4000
0.0008 1426.07 4000
0.0009 1363.03 4000
0.001 1313.19 4000
0.002 1278.35 4000
0.003 1225.21 4000
0.004 1249.13 4000
0.005 1329.51 4000
0.006 1430.09 4000
0.007 1407.17 4000
0.008 1624.39 4000
0.009 1707.27 4000
0.01 1777.09 4000
0.02 2994.42 4000
0.03 4226.35 4000
0.04 5358.29 4000
0.05 6878.69 4000
0.06 7750.33 4000
0.07 9081.23 4000
0.08 10665.4 4000
0.09 11879 4000
0.1 12873.7 4000
0.2 25323.8 4000
0.3 38433.9 4000
0.4 52483.5 4000
0.5 63552.3 2898
0.6 74673.6 2896
0.7 91361.2 1928
0.8 93467.7 1920
0.9 108654 1920
1.0 123295 1900
