-0.703214
-0.620212
-0.701402
-0.671071
-0.646689
-0.572968
-0.644078
-0.782706
-0.765682
-0.624794
-0.700183
-0.786569
-0.693445
-0.733787
-0.726681
-0.735385
-0.588854
-0.572770
-0.751409
-0.702572
-0.677560
-0.735010
-0.792774
-0.553078
-0.813313
-0.664639
-0.756687
-0.714107
-0.698131
-0.718593
-0.748318
-0.554338
-0.755739
-0.756897
-0.700557
-1.081181
-0.728658
-0.715610
-0.795946
-0.616954
-0.699800
-0.657291
-0.694727
-0.747063
-0.707509
-0.599845
-0.655842
-0.598638
-0.704482
-0.784388
-0.601842
-0.769339
-0.771632
-0.741791
-0.735824
-0.683796
-0.680715
-0.703572
-0.636928
-0.683874
-0.743499
-0.665223
-0.651506
-0.532580
-0.528711
-0.803700
-0.783543
-0.715267
-0.656548
-0.757134
-0.722753
-0.707490
-0.728078
-0.718310
-0.684601
-0.643640
-0.648287
-0.762856
-0.674255
-0.627753
-0.679632
-0.690858
-0.643102
-0.781903
-0.714996
-0.661303
-0.665925
-0.684713
-0.646278
-0.772438
-0.684147
-0.669633
-0.651545
-0.772942
-0.627820
-0.655386
-0.629687
-0.658107
-0.644120
-0.558877
-0.742566
-0.686592
-0.637792
-0.637147
-0.710337
-0.657963
-0.693924
-0.788787
-0.626673
-0.645434
-0.783360
-0.600537
-0.710990
-0.689060
-0.693951
-0.666534
-0.659773
-0.708417
-0.651097
-0.660176
-0.648442
-0.744055
-0.618978
-0.638626
-0.701347
-0.706229
-0.371155
-0.688602
-0.754937
-0.620684
-0.722557
-0.813897
-0.739265
-0.648194
-0.692388
-0.771216
-0.678198
-0.626057
-0.647295
-0.721653
-0.653762
-0.758374
-0.495110
-0.641543
-0.589969
-0.703332
-0.792781
-0.700298
-0.727732
-0.667163
-0.756239
-0.666041
-0.695304
-0.690048
-0.667498
-0.845689
-0.745078
-0.741299
-0.734132
-0.729643
-0.709242
-0.844852
-0.338738
-0.720126
-0.578456
-0.733963
-0.658849
-0.615049
-0.713500
-0.621094
-0.701901
-0.786580
-0.709538
-0.737469
-0.617282
-0.660214
-0.804252
-0.699312
-0.768385
-0.555029
-0.673676
-0.637347
-0.676847
-0.621058
-0.628950
-0.647276
-0.630806
-0.611627
-0.702893
-0.653662
-0.557877
-0.758801
-0.707269
-0.694243
-0.704356
-0.783160
-0.645405
-1.009325
-0.821796
-0.807616
-0.578553
-0.662377
-0.635643
-0.711159
-0.761596
-0.805717
-0.721557
-0.760064
-0.634747
-0.743226
-0.707028
-0.744675
-0.644742
-0.551589
-0.802794
-0.667845
-0.640672
-0.732946
-0.775594
-0.762227
-0.718270
-0.791778
-0.674586
-0.729035
-0.600220
-0.657029
-0.685964
-0.617744
-0.746665
-0.735398
-0.724159
-0.735823
-0.703799
-0.781378
-0.738292
-0.631438
-0.701836
-0.662972
-0.857821
-0.678469
-0.805654
-0.789238
-0.730909
-0.768704
-0.760220
-0.644491
-0.658820
-0.760305
-0.764753
-0.725881
-0.709114
-0.690921
-0.679431
-0.706145
-0.765420
-0.675998
-0.749642
-0.657343
-0.797908
-0.684756
-0.757860
-0.723590
-0.696335
-0.650664
-0.623953
-0.703915
-0.674275
-0.688792
-0.846717
-0.702766
-0.762596
-0.734985
-0.765239
-0.566474
-0.732177
-0.670239
-0.756984
-0.949494
-0.705339
-0.790710
-0.794349
-0.708026
-0.800261
-0.782116
-0.707811
-0.618287
-0.744382
-0.784876
-0.667351
-0.749183
-0.811026
-0.675964
-0.814631
-0.718235
-0.789133
-0.718595
-0.612361
-0.648821
-0.876360
-0.784728
-0.849545
-0.702246
-0.776782
-0.664234
-0.769479
-0.691321
-0.724684
-0.735010
-0.817975
-0.792128
-0.696143
-0.796779
-0.688299
-0.706654
-0.724156
-0.764764
-0.731401
-0.757780
-0.741826
-0.771743
-0.783471
-0.725716
-0.812487
-0.810731
-0.817258
-0.775587
-0.769830
-0.856082
-0.686688
-0.713103
-0.753233
-0.740331
-0.725698
-0.727034
-0.743286
-0.748673
-0.748977
-0.745069
-0.668397
-0.720538
-0.790076
-0.787601
-0.711565
-0.900888
-0.740366
-0.782925
-0.715133
-0.744699
-0.718934
-0.632564
-0.684066
-0.746924
-0.680471
-0.745367
-0.725595
-0.561550
-0.601836
-0.663752
-0.693632
-0.682895
-0.790418
-0.667677
-0.740611
-0.807758
-0.653091
-0.781552
-0.648415
-0.793320
-0.673138
-0.778962
-0.763795
-0.696743
-0.520065
-0.776806
-0.596304
-0.672053
-0.697467
-0.718874
-0.727880
-0.909544
-0.741413
-0.725455
-0.742673
-0.773414
-0.764329
-0.775611
-0.658258
-0.656144
-0.706179
-0.653075
-0.860555
-0.722974
-0.670038
-0.705363
-0.640930
-0.782789
-0.665448
-0.624026
-0.509180
-0.628583
-0.654252
-0.635649
-0.602437
-0.742729
-0.589692
-0.662330
-0.704675
-0.750567
-0.629560
-0.637583
-0.702683
-0.698761
-0.674540
-0.655575
-0.703453
-0.733493
-0.691880
-0.729504
-0.681935
-0.707893
-0.637367
-0.775263
-0.797426
-0.745170
-0.710877
-0.699110
-0.742869
-0.628787
-0.810705
-0.891714
-0.644520
-0.776011
-0.631819
-0.666835
-0.667825
-0.760479
-0.661643
-0.673945
-0.859617
-0.672397
-0.868571
-0.652109
-0.776736
-0.596043
-0.667832
-0.930317
-0.734813
-0.743303
-0.713609
-0.716117
-0.699811
-0.838679
-0.666068
-0.566414
-0.714858
-0.802638
-0.729439
-0.653223
-0.765356
-0.704026
-0.662125
-0.718449
-0.710580
-0.832185
-0.641703
-0.540569
-0.672443
-0.691050
-0.559882
-0.662107
-0.718230
-0.629047
-0.678873
-0.588086
-0.665958
-0.932510
-0.909000
-0.582989
-0.710324
-0.686114
-0.718144
-0.643164
-0.688277
-0.634359
-0.669129
-0.634145
-0.687796
-0.651714
-0.642190
-0.725918
-0.732548
-0.700727
-0.898831
-0.542475
-0.612635
-0.699377
-0.967097
-0.681274
-0.689927
-0.796301
-0.712090
-0.776922
-0.734390
-0.670851
-0.669997
-0.766132
-0.631872
-0.717890
-0.633706
-0.633489
-0.624437
-0.696715
-0.660857
-0.248236
-0.600654
-0.668312
-0.649505
-0.734599
-0.674442
-0.724119
-0.622444
-0.616452
-0.686638
-0.739130
-0.698762
-0.731642
-0.729605
-0.721006
-0.724394
-0.701482
-0.654922
-0.796868
-0.640093
-0.669932
-0.714805
-0.026066
-0.680662
-0.774335
-0.659984
-0.839612
-0.780938
-0.640628
-0.618892
-0.643399
-0.703929
-0.761740
-0.766604
-0.763378
-0.624031
-0.748901
-0.688405
-0.633400
-0.713043
-0.946069
-0.740754
-0.778060
-0.468886
-0.747981
-0.579536
-0.696490
-0.409748
-0.782628
-0.727474
-0.827586
-0.610687
-0.681215
-0.662084
-0.737962
-0.787222
-0.758660
-0.748550
-0.707304
-0.654462
-0.728684
-0.671515
-0.672724
-0.679456
-0.801738
-0.746839
-0.757581
-0.740209
-0.718042
-0.757833
-0.652453
-0.634029
-0.700034
-0.651561
-0.769418
-0.815710
-0.773491
-0.705861
-0.746316
-0.708005
-0.648969
-0.652528
-0.772378
-0.700744
-0.655890
-0.641165
-0.707153
-0.654790
-0.712332
-0.742987
-0.373781
-0.642683
-0.621710
-0.638659
-0.702645
-0.667090
-0.730034
-0.745570
-0.684865
-0.622999
-0.752611
-0.678548
-0.746388
-0.681869
-0.695151
-0.669707
-1.037338
-0.739040
-0.664311
-0.769413
-0.740608
-0.627407
-0.659874
-0.668236
-0.709844
-0.732604
-0.778691
-0.713799
-0.787938
-0.750565
-0.643741
-0.710495
-0.714074
-0.705999
-0.650037
-0.751114
-0.595022
-0.728989
-0.647434
-0.864347
-0.685445
-0.695740
-0.686398
-0.637438
-0.589825
-0.649681
-0.684682
-0.620592
-0.611207
-0.692729
-0.638079
-0.749698
-0.702799
-0.746965
-0.686028
-0.690489
-0.627710
-0.704804
-0.722010
-0.757968
-0.781249
-0.726275
-0.595350
-0.587657
-0.671663
-0.677117
-0.660617
-0.755380
-0.578944
-0.683202
-0.725252
-0.664855
-0.639654
-0.944422
-0.711573
-0.509569
-0.682162
-0.647005
-0.652687
-0.591340
-0.638052
-0.747747
-0.677656
-0.750176
-0.718623
-0.633620
-0.604372
-0.531432
-0.633979
-0.682929
-0.631209
-0.676163
-0.819012
-0.619042
-0.670032
-0.663261
-0.664301
-0.723490
-0.722032
-0.661021
-0.721922
-0.772983
-0.749317
-0.605750
-0.724032
-0.747531
-0.714102
-0.694040
-0.645321
-0.677030
-0.775074
-0.668733
-0.787452
-0.714627
-0.684813
-0.735838
-0.683109
-0.730707
-0.731246
-0.630361
-0.741086
-0.765120
-0.781907
-0.762635
-0.757689
-0.859125
-0.708764
-0.770332
-0.836105
-0.704468
-0.470637
-0.725978
-0.730950
-0.602788
-0.712946
-0.803499
-0.677765
-0.768549
-0.728162
-0.722496
-0.741988
-0.838761
-0.733585
-0.651692
-0.729958
-0.624199
-0.725697
-0.798866
-0.628765
-0.649852
-0.719065
-0.766622
-0.772003
-0.844484
-0.708064
-0.713600
-0.739314
-0.710476
-0.613003
-0.692396
-0.729400
-0.682152
-0.748549
-0.783202
-0.711829
-0.719781
-0.712820
-0.638626
-0.767685
-0.696808
-0.674467
-0.688912
-0.698095
-0.663526
-0.751337
-0.724693
-0.728503
-0.629283
-0.779004
-0.716023
-0.622131
-0.647354
-0.666784
-0.696906
-0.703283
-0.630318
-0.652822
-0.712849
-0.678526
-0.677848
-0.626598
-0.699416
-0.688814
-0.839233
-0.662530
-0.726839
-0.706139
-0.822652
-0.725873
-0.724791
-0.733684
-0.838838
-0.687593
-0.735627
-0.741170
-0.662082
-0.800969
-0.729735
-0.685021
-0.730923
-0.681292
-0.867089
-0.694011
-0.730365
-0.812042
-0.681588
-0.747680
-0.681145
-0.609641
-0.630880
-0.795314
-0.803052
-0.894312
-0.852417
-0.710149
-0.684203
-0.690850
-0.714155
-0.752549
-0.710511
-0.752221
-0.789875
-0.691318
-0.606936
-0.682809
-0.706569
-0.712700
-0.696738
-0.740274
-0.770178
-0.704432
-0.735354
-0.666977
-0.632632
-0.709226
-0.714625
-0.614057
-0.690240
-0.783928
-0.695556
-0.652248
-0.664722
-0.686123
-0.666084
-0.607989
-0.689462
-0.705085
-0.792053
-0.651058
-0.783563
-0.727080
-0.666015
-0.623604
-0.768854
-0.685478
-0.711585
-0.741337
-0.740210
-0.802927
-0.769837
-0.692890
-0.702144
-0.686165
-0.659302
-0.760247
-0.578099
-0.713143
-0.781998
-0.737533
-0.710806
-0.762496
-0.705200
-0.627196
-0.661891
-0.742274
-0.652670
-0.629675
-0.650473
-0.715790
-0.734441
-0.753435
-0.642817
-0.697944
-0.663140
-0.814624
-0.594676
-0.668570
-0.570827
-0.734705
-0.663193
-0.714552
-0.865579
-0.674141
-0.686064
-0.673939
-0.799676
-0.607824
-0.659403
-0.670646
-0.740718
-0.681071
-0.806223
-0.768502
-0.758600
-0.737767
-0.774886
-0.772138
-0.708586
-0.699877
-0.829844
-0.779268
-0.735161
-0.762325
-0.809054
-0.817153
-0.766293
-0.602107
-0.692191
-0.769630
-0.781711
-0.773280
-0.623600
-0.721055
-0.653658
-0.678339
-0.639005
-0.636558
-0.686459
-0.796153
-0.668699
-0.732404
-0.681570
-0.760235
-0.720227
-0.930156
-0.695581
-0.617354
-0.695121
-0.692118
-0.615701
-0.649645
-0.765599
-0.678296
-0.655928
-0.682329
-0.733695
-0.788213
-0.975253
-0.711364
-0.786695
-0.668333
-1.013207
-0.655235
-0.681660
-0.657493
-0.643007
-0.747845
-0.727936
-0.671327
-0.726476
-0.695316
-0.717341
-0.804970
-0.739379
-0.621211
-0.717937
-0.751774
-0.649799
-0.735396
-0.729948
-0.750271
-0.716724
-0.670270
-0.760729
-0.808984
-0.803739
-0.779717
-0.726460
-0.660047
-0.734228
-0.738540
-0.679647
-0.743060
-0.764856
-0.697164
-0.804540
-0.676989
-0.883795
-0.824095
-0.712435
-0.616095
-0.786790
-0.746986
-0.733962
-0.718077
-0.811122
-0.736096
-0.724112
-0.603789
-0.766304
-0.682644
-0.694983
-0.683663
-0.704171
-0.723049
-0.670781
-0.770113
-0.841436
-0.704380
-0.681549
-0.659025
-0.495227
-0.711020
-0.650400
-0.783208
-0.675486
-0.719195
-0.616591
-0.680913
-0.725719
-0.748467
-0.446830
-0.718742
-0.728886
-0.622740
-0.682110
-0.703963
-0.681730
-0.802789
-0.704121
-0.808062
-0.724695
-0.665794
-0.698263
-0.642455
-0.827763
-0.602441
-0.723505
-0.754897
-0.721445
-0.715729
-0.727515
-0.631552
-0.683952
-0.642040
-0.650206
-0.751692
-0.740572
-0.777699
-0.648117
-0.807426
-0.767456
-0.630812
-0.669715
-0.835037
-0.655630
-0.687912
-0.674742
-0.648612
-0.798006
-0.704213
-0.777177
-0.720789
-0.726655
-0.685696
-0.730559
-0.769770
-0.813666
-0.732510
-0.796997
-0.678043
-0.761167
-0.903683
-0.677624
-0.661847
-0.803774
-0.805896
-0.586648
-0.690070
-0.633816
-0.529466
-0.890518
-0.635081
-0.730951
-0.694538
-0.729683
-0.735093
-0.746271
-0.717453
-0.737591
-0.866445
-0.575891
-0.622922
-0.588911
-0.855982
-0.676684
-0.727404
-0.752253
-0.641776
-0.670916
-0.682359
-0.671599
-0.712014
-0.700696
-0.762103
-0.773219
-0.742734
-0.703927
-0.766408
-0.767508
-0.802063
-0.679402
-0.676844
-0.543185
-0.692838
-0.679460
-0.609498
-0.679350
-0.663751
-0.777379
-0.802163
-0.751201
-0.791830
-0.700693
-0.712620
-0.798995
-0.797685
-0.710145
-0.722529
-0.730456
-0.782838
-0.773632
-0.681863
-0.744445
-0.711889
-0.733513
-0.704878
-0.798251
-0.658049
-0.655196
-0.722581
-0.764114
-0.739461
-0.723307
-0.764163
-0.832415
-0.734742
-0.576010
-0.717034
-0.729103
-0.593095
-0.864728
-0.708361
-0.693768
-0.700659
-0.848274
-0.702035
-0.699103
-0.687278
-0.776680
-0.702977
-0.780025
-0.753587
-0.717636
-0.714577
-0.716719
-0.659765
-0.717927
-0.700998
-0.729809
-0.709688
-0.783846
-0.807281
-0.723182
-0.780715
-0.737412
-0.725870
-0.711243
-0.740851
-0.760995
-0.721561
-0.755961
-0.666995
-0.392278
-0.656353
-0.667361
-0.786336
-0.762270
-0.594301
-0.684303
-0.646962
-0.862342
-0.778702
-0.780614
-0.760965
-0.791702
-0.727502
-0.607029
-0.713395
-0.730153
-0.729856
-0.762990
-0.794871
-0.659337
-0.671145
-0.707494
-0.679404
-0.746719
-0.824011
-0.710606
-0.816787
-0.796446
-0.704345
-0.680323
-0.685527
-0.750206
-0.665391
-0.822766
-0.787678
-0.754211
-0.835045
-0.680906
-0.763919
-0.633642
-0.755272
-0.695252
-0.766705
-0.680678
-0.731442
-0.711530
-0.759778
-0.698713
-0.822556
-1.075422
-0.753439
-0.746593
-0.716610
-0.777343
-0.800696
-0.812102
-0.780041
-0.737833
-0.762488
-0.665147
-0.803546
-0.635921
-0.819088
-0.837241
-0.803995
-0.698418
-0.704502
-0.751198
-1.057045
-0.620136
-0.865943
-0.678378
-0.734086
-0.659474
-0.707753
-0.672063
-0.681394
-0.705785
-0.717021
-0.701617
-0.761246
-0.774378
-0.659665
-0.809454
-0.700147
-0.431320
-0.870920
-0.726335
-0.799005
-0.739697
-0.842676
-0.801326
-0.666980
-0.820458
-0.682954
-0.712529
-0.711299
-0.635558
-0.715870
-0.766705
-0.812400
-0.817833
-0.693398
-0.680422
-0.748568
-0.784615
-0.744330
-0.755255
-0.583494
-0.749760
-0.604250
-0.706545
-0.693459
-0.791364
-0.680553
-0.733567
-0.751275
-0.758152
-0.739378
-0.648641
-0.795301
-0.710859
-0.744712
-0.747732
-0.744556
-0.712689
-0.834527
-0.887473
-0.686833
-0.704517
-0.695473
-0.760100
-0.230948
-0.763187
-0.695600
-0.908859
-0.697238
-0.726813
-0.665874
-0.735389
-0.753024
-0.662664
-0.716282
-0.775676
-0.665982
-0.625954
-0.712403
-0.763297
-0.628199
-0.756869
-0.652490
-0.807860
-0.749448
-0.707351
-0.623958
-0.808817
-0.699831
-0.704092
-0.760293
-0.736441
-0.838307
-0.802323
-0.627655
-0.677267
-0.682462
-0.706471
-0.692943
-0.623140
-0.795869
-0.710846
-0.675555
-0.762072
-0.748351
-0.620894
-0.729607
-0.777844
-0.670697
-0.759697
-0.634515
-0.710685
-0.800120
-0.753003
-0.640570
-0.763303
-0.649407
-0.864080
-0.799931
-0.740473
-0.724678
-0.688573
-0.801190
-0.848396
-0.800580
-0.737369
-0.723280
-0.725205
-0.734262
-0.678879
-0.706925
-0.960172
-0.731086
-0.619155
-0.751204
-0.704779
-0.691253
-0.645707
-0.747263
-0.763651
-0.765900
-0.722451
-0.688922
-0.646340
-0.776012
-0.622154
-0.704419
-0.751712
-0.676829
-0.712232
-0.742481
-0.711862
-0.641953
-0.674864
-0.827299
-0.640630
-0.613668
-0.695356
-0.824513
-0.828466
-0.668145
-0.772409
-0.629930
-0.628571
-0.769065
-0.677247
-0.694588
-0.693536
-0.745763
-0.742307
-0.755067
-0.815670
-0.857436
-0.728335
-0.693993
-0.687967
-0.501528
-0.736511
-0.736008
-0.770703
-0.779047
-0.713422
-0.732777
-0.752414
-0.781707
-0.747742
-0.680214
-0.620347
-0.716803
-0.701667
-0.687809
-0.735696
-0.732142
-0.720096
-0.629091
-0.558162
-0.599505
-0.729193
-0.631123
-0.733035
-0.671032
-0.639988
-0.716552
-0.652770
-0.684185
-0.712086
-0.854095
-0.665245
-0.746492
-0.686113
-0.701673
-0.744475
-0.777946
-0.760733
-0.815738
-0.685889
-0.602671
-0.701281
-0.568883
-0.715566
-0.744296
-0.720106
-0.657311
-0.680121
-0.800229
-0.671423
-0.733845
-0.765868
-0.695685
-0.723710
-0.827926
-0.708705
-0.703397
-0.676624
-0.685524
-0.706950
-0.798107
-0.708890
-0.634751
-0.601069
-0.821210
-0.775764
-0.629889
-0.685817
-0.832683
-0.712741
-0.670521
-0.770210
-0.734552
-0.841428
-0.631384
-0.923480
-0.603745
-0.734953
-0.754190
-0.748390
-0.706172
-0.688622
-0.693406
-0.713988
-0.669302
-0.722466
-0.789417
-0.742171
-0.809815
-0.691028
-0.672977
-0.663898
-0.661538
-0.648883
-0.715807
-0.805922
-0.622781
-0.697623
-0.794523
-0.656726
-0.704747
-0.675063
-0.796793
-0.675536
-0.666175
-0.692557
-0.725545
-0.686976
-0.642613
-0.664459
-0.670125
-0.667537
-0.678585
-0.687789
-0.674234
-0.810544
-0.737875
-0.773842
-0.710503
-0.774469
-0.672704
-0.734574
-0.761758
-0.755747
-0.683277
-0.728260
-0.817754
-0.739324
-0.717576
-0.708035
-0.791698
-0.860354
-0.727266
-0.634919
-0.750596
-0.714461
-0.690358
-0.753913
-0.646579
-0.715128
-0.844106
-0.727588
-0.717449
-0.810331
-0.700677
-0.666188
-0.749113
-0.809540
-0.684870
-0.724374
-0.692862
-0.718173
-0.715549
-0.701737
-0.685003
-0.717975
-0.707421
-0.733836
-0.719118
-0.795497
-0.731446
-0.748121
-0.709544
-0.717200
-0.793013
-0.712276
-0.694175
-0.724132
-0.732158
-0.748888
-0.682609
-0.718534
-0.669363
-0.702391
-0.663766
-0.715145
-0.795493
-0.826609
-0.800541
-0.662403
-0.687678
-0.741555
-0.709100
-0.638699
-0.947570
-0.681100
-0.754595
-0.802083
-0.790404
-0.735383
-0.697312
-0.720966
-0.781910
-0.764088
-0.779338
-0.671431
-0.728096
-0.723125
-0.696990
-0.776593
-0.650033
-0.736526
-0.669369
-0.720186
-0.662196
-0.610198
-0.634959
-0.608679
-0.717899
-0.692121
-0.786736
-0.650667
-0.639360
-0.639028
-0.648462
-0.792308
-0.717088
-0.640366
-0.651447
-0.699970
-0.721111
-0.661018
-0.679363
-0.829357
-0.706981
-0.729446
-0.725257
-0.648740
-0.723094
-0.662782
-0.782186
-0.680831
-0.670323
-0.570897
-0.745989
-0.612509
-0.603039
-0.680697
-0.759685
-0.699802
-0.708455
-0.655563
-0.723507
-0.632774
-0.642357
-0.680655
-0.786435
-0.784368
-0.714181
-0.671519
-0.747697
-0.723897
-0.684359
-0.735406
-0.778207
-0.745185
-0.674973
-0.819229
-0.814663
-0.712578
-0.591585
-0.795974
-0.716794
-0.772076
-0.744763
-0.469666
-0.736138
-0.735145
-0.687657
-0.762544
-0.664971
-0.678232
-0.643958
-0.640961
-0.718883
-0.715068
-0.679291
-0.650399
-0.661785
-0.764948
-0.744313
-0.737489
-0.809709
-0.742361
-0.738082
-0.774972
-0.762684
-0.672651
-0.771981
-0.775030
-0.717571
-0.748858
-0.781735
-0.611728
-0.720876
-0.752398
-0.814879
-0.752881
-0.668237
-0.790266
-0.650976
-0.666974
-0.660882
-0.741892
-0.796380
-0.773730
-0.765318
-0.665175
-0.720052
-0.653544
-0.729361
-0.646897
-0.831709
-0.742713
-0.838447
-0.774341
-0.815441
-0.770933
-0.754195
-0.714551
-0.699246
-0.684047
-0.756370
-0.721228
-0.740874
-0.692068
-0.776237
-0.663267
-0.729186
-0.707149
-0.718773
-0.725635
-0.764662
-0.834284
-0.761139
-0.783256
-0.653357
-0.604210
-0.768337
-0.716082
-0.788101
-0.723040
-0.785020
-0.599677
-0.757894
-0.611939
-0.759066
-0.697745
-0.741201
-0.714171
-0.757108
-0.694189
-0.650860
-0.818774
-0.734230
-0.685801
-0.794220
-0.856766
-0.666720
-0.615732
-0.661571
-0.670053
-0.689923
-0.756409
-0.647996
-0.643538
-0.750043
-0.722801
-0.761197
-0.746629
-0.668351
-0.679704
-0.781151
-0.673958
-0.771064
-0.775617
-0.787185
-0.794805
-0.724589
-0.729343
-0.733890
-0.734195
-0.697844
-0.758693
-0.755018
-0.728709
-0.690123
-0.826577
-0.682483
-0.759201
-0.765526
-0.734888
-0.720136
-0.664635
-0.631834
-0.697117
-0.726208
-0.775736
-0.783683
-0.828294
-0.726074
-0.643546
-0.683068
-0.714032
-0.748485
-0.712887
-0.747269
-0.741272
-0.728496
-0.727534
-0.661646
-0.690295
-0.867458
-0.657158
-0.718171
-0.696890
-0.606080
-0.650283
-0.685068
-0.637728
-0.626836
-0.798119
-0.624248
-0.744182
-0.792772
-0.725476
-0.708954
-0.701048
-0.769396
-0.722367
-0.739011
-0.777403
-0.727016
-0.702680
-0.671399
-0.716239
-0.743636
-0.679038
-0.683668
-0.552825
-0.775088
-0.736601
-0.829936
-0.697755
-0.721551
-0.884601
-0.767035
-0.715867
-0.710383
-0.731903
-0.728006
-0.681480
-0.735768
-0.746320
-0.732166
-0.740180
-0.830375
-0.746091
-0.740753
-0.638565
-0.705186
-0.731724
-0.678536
-0.825333
-0.660318
-0.707170
-0.686406
-0.788245
-0.752458
-0.675516
-0.787645
-0.726370
-0.694402
-0.697021
-0.652283
-0.709800
-0.692718
-0.791667
-0.785534
-0.775655
-0.728335
-0.722418
-0.656155
-0.770379
-0.710290
-0.684594
-0.627952
-0.970106
-0.653272
-0.689563
-0.786847
-0.630954
-0.774891
-0.752429
-0.689604
-0.716179
-0.726484
-0.680862
-0.725011
-0.583745
-0.713671
-0.756436
-0.719373
-0.814715
-0.833543
-0.724119
-0.784923
-0.664902
-0.668977
-0.664599
-0.694029
-0.647918
-0.629368
-0.769978
-0.779406
-0.833695
-0.644868
-0.749861
-0.679883
-0.737834
-0.756109
-0.726019
-0.651093
-0.713141
-0.781181
-0.690551
-0.682615
-0.720700
-0.790497
-0.813090
-0.842197
-0.746499
-0.722191
-0.754926
-0.728693
-0.651754
-0.668798
-0.645327
-0.687123
-0.805369
-0.673710
-0.705527
-0.740334
-0.691483
-0.722264
-0.674894
-0.863570
-0.639472
-0.663429
-0.779850
-0.714207
-0.620703
-0.741991
-0.617597
-0.625852
-0.806372
-0.640392
-0.656604
-0.794174
-0.732718
-0.710246
-0.712189
-0.731423
-0.750951
-0.618671
-0.804723
-0.667201
-0.777852
-0.428425
-0.668219
-0.686126
-0.718698
-0.717196
-0.652456
-0.700446
-0.647516
-0.686183
-0.711345
-0.718391
-0.633436
-0.623490
-0.719993
-0.667935
-0.796145
-0.718667
-0.612727
-0.833778
-0.638160
-0.857210
-0.664879
-0.748571
-0.624831
-0.673954
-0.677994
-0.759243
-0.721619
-0.701163
-0.794679
-0.683296
-0.782591
-0.631955
-0.729485
-0.745251
-0.606616
-0.706667
-0.641776
-0.616752
-0.660706
-0.645731
-0.673693
-0.719116
-0.731786
-0.687698
-0.662005
-0.714323
-0.817661
-0.716411
-0.611240
-0.737243
-0.742877
-0.638062
-0.715710
-0.556766
-0.677578
-0.461133
-0.783703
-0.715274
-0.682720
-0.750273
-0.754266
-0.651362
-0.714036
-0.680314
-0.683972
-0.698452
-0.716654
-0.723769
-0.718521
-0.676045
-0.587190
-0.728179
-0.666956
-0.798284
-0.678166
-0.688376
-0.711604
-0.671220
-0.722894
-0.699012
-0.707327
-0.683557
-0.690590
-0.673756
-0.737291
-0.736865
-0.629367
-0.781042
-0.795415
-0.715408
-0.737254
-0.697375
-0.724234
-0.750974
-0.806094
-0.699772
-0.717037
-0.680424
-0.735274
-0.792461
-0.645450
-0.791408
-0.672679
-0.751483
-0.728306
-0.721623
-0.730074
-0.858433
-0.761826
-0.716236
-0.770030
-0.793788
-0.780630
-0.736713
-0.691739
-0.778996
-0.766732
-0.677260
-0.738099
-0.545225
-0.724707
-0.805729
-0.615384
-0.756663
-0.671926
-0.692075
-0.761987
-0.786326
-0.773983
-0.766190
-0.754495
-0.690275
-0.767988
-0.680578
-0.726631
-0.687067
-0.868824
-0.560176
-0.681079
-0.726616
-0.708987
-0.667420
-0.709738
-0.651734
-0.719691
-0.688722
-0.729724
-0.769041
-0.760347
-0.666142
-0.591953
-0.744279
-0.829730
-0.720677
-0.800920
-0.714402
-0.732025
-0.643230
-0.683474
-0.712518
-0.700436
-0.805959
-0.701240
-0.782707
-0.764349
-0.734928
-0.717861
-0.781280
-0.727806
-1.281291
-0.725830
-0.703334
-0.705096
-0.906869
-0.791752
-0.700698
-0.732528
-0.757310
-0.733627
-0.748529
-0.805716
-0.766862
-0.733362
-0.739375
-0.739992
-0.676423
-0.777603
-0.780664
-0.730433
-0.813531
-0.798956
-0.833635
-0.649080
-0.721144
-0.794521
-0.790019
-0.790965
-0.790077
-0.689206
-0.770846
-0.554599
-0.668659
-0.656363
-0.750692
-0.741204
-0.635923
-0.748032
-0.724830
-0.759964
-0.752161
-0.731253
-0.683612
-0.720750
-0.768561
-0.658183
-0.738051
-0.725013
-0.632614
-0.664141
-0.739687
-0.694281
-0.688989
-0.675757
-0.640505
-0.682482
-0.815669
-0.711682
-0.605141
-0.875239
-0.745244
-0.736777
-0.727802
-0.652009
-0.801812
-0.683741
-0.762522
-0.717287
-0.744979
-0.800008
-0.633841
-0.834531
-0.708138
-0.744059
-0.766558
-0.621604
-0.647443
-0.684943
-0.604835
-0.726376
-0.728436
-0.779126
-0.648998
-0.795186
-0.786286
-0.765146
-0.773403
-0.750941
-0.743095
-0.813680
-0.769066
-0.718083
-0.744649
-0.757622
-0.767521
-0.702622
-0.676812
-0.823180
-0.729465
-0.724117
-0.713869
-0.770350
-0.794731
-0.703680
-0.711630
-0.755312
-0.688308
-0.248761
-0.728881
-0.591921
-0.755493
-0.696393
-0.739639
-0.599868
-0.532442
-0.727828
-0.650193
-0.715902
-0.689631
-0.724797
-0.767462
-0.747725
-0.708605
-0.702800
-0.770737
-0.788715
-0.670517
-0.719012
-0.748253
-0.666958
-0.655897
-0.763255
-0.659427
-0.688257
-0.682331
-0.718176
-0.767653
-0.719440
-0.692908
-0.706662
-0.722377
-0.695037
-0.831839
-0.763986
-0.689547
-0.674635
-0.682616
-0.602583
-0.712160
-0.667642
-0.637991
-0.725330
-0.798002
-0.771367
-0.856452
-0.723053
-0.774475
-0.752289
-0.680001
-0.757340
-0.772575
-0.842357
-0.632365
-0.776058
-0.833432
-0.681245
-0.713103
-0.662730
-0.758849
-0.794626
-0.752437
-0.748113
-0.723316
-0.703985
-0.687857
-0.679350
-0.787945
-0.707476
-0.740692
-0.777334
-0.805867
-0.822277
-0.751093
-0.734562
-0.736391
-0.764281
-0.699915
-0.684526
-0.744270
-0.736079
-0.713099
-0.683724
-0.772819
-0.752060
-0.702977
-0.808883
-0.710957
-0.702725
-0.612786
-0.817583
-0.695243
-0.756856
-0.863871
-0.617831
-0.798006
-0.807184
-0.685804
-0.706033
-0.778909
-0.716773
-0.717313
-0.685977
-0.624390
-0.718161
-0.703279
-0.726567
-0.649917
-0.664735
-0.788727
-0.770882
-0.791602
-0.614376
-0.723120
-0.766564
-0.701059
-0.748636
-0.753027
-0.750812
-0.756063
-0.643787
-0.663612
-0.663436
-0.742047
-0.681953
-0.728726
-0.721325
-0.726334
-0.710892
-0.674303
-0.730878
-0.643584
-0.729886
-0.695520
-0.664574
-0.684151
-0.904225
-0.719225
-0.652523
-0.745953
-0.700352
-0.749638
-0.753151
-0.627833
-0.686047
-0.741538
-0.663554
-0.956627
-0.746827
-0.651910
-0.707376
-0.711032
-0.679283
-0.680863
-0.668477
-0.782232
-0.723999
-0.719747
-0.759515
-0.660139
-0.766522
-0.815349
-0.718779
-0.804036
-0.836317
-0.785142
-0.783030
-0.762915
-0.641746
-0.754440
-0.848693
-0.758607
-0.770914
-0.711757
-0.658237
-0.643508
-0.648679
-0.678594
-0.472675
-0.722108
-0.690373
-0.658260
-0.886751
-0.720512
-0.669361
-0.762244
-0.769239
-0.676176
-0.797402
-0.832574
-0.684910
-0.703127
-0.757234
-0.645991
-0.625101
-0.698544
-0.694654
-0.539047
-0.731102
-0.751461
-0.739962
-0.810756
-0.687270
-0.684614
-0.697074
-0.737965
-0.597758
-0.702350
-0.698296
-0.734645
-0.736563
-0.614361
-0.703669
-0.638179
-0.560705
-0.746252
-0.637424
-0.722607
-0.696149
-0.691417
-0.774209
-0.718246
-0.632360
-0.663874
-0.718345
-0.722256
-0.710493
-0.609383
-0.783108
-0.780330
-0.827338
-0.639827
-0.719133
-0.683261
-0.735861
-0.728173
-0.676758
-0.664129
-0.682909
-0.738974
-0.650125
-0.599865
-0.661967
-0.690223
-0.764670
-0.697579
-0.711457
-0.729517
-0.763798
-0.768057
-0.829166
-0.723204
-0.672563
-0.718984
-0.761361
-0.661346
-0.750623
-0.696740
-0.673379
-0.539201
-0.752703
-0.624794
-0.722962
-0.784622
-0.657607
-0.743542
-0.791120
-0.786930
-0.729341
-0.814512
-0.729869
-0.666570
-0.680971
-0.720351
-0.598718
-0.807449
-0.764886
-0.837520
-0.752224
-0.693049
-0.717625
-0.744064
-0.806932
-0.655460
-0.729624
-0.630487
-0.726836
-0.716346
-0.836229
-0.779515
-0.616700
-0.656228
-0.605976
-0.647810
-0.633183
-0.833674
-0.757674
-0.685109
-0.763951
-0.758231
-0.693325
-0.725959
-0.686927
-0.760919
-0.716783
-0.745207
-0.748685
-0.710389
-0.756367
-0.778168
-0.752893
-0.604113
-0.787861
-0.630366
-0.682274
-0.814309
-0.834060
-0.695807
-0.761690
-0.676628
-0.740188
-0.686375
-0.715048
-0.702628
-0.698679
-0.641673
-0.717092
-0.740239
-0.729544
-0.723743
-0.748988
-0.793581
-0.744468
-0.749261
-0.656331
-0.725071
-0.731209
-0.727197
-0.717188
-0.905229
-0.701633
-0.764438
-0.667168
-0.637742
-0.679159
-0.805182
-0.834753
-0.739856
-0.751071
-0.699475
-0.684451
-0.696163
-0.737589
-0.635829
-0.715718
-0.695059
-0.753304
-0.682964
-0.728777
-0.719596
-0.702193
-0.743892
-0.718386
-0.743553
-0.731790
-0.672488
-0.742516
-0.679230
-0.410295
-0.708598
-0.803652
-0.757986
-0.779246
-0.682843
-0.788667
-0.713863
-0.774718
-0.674081
-0.708069
-0.838812
-0.737245
-0.592507
-0.812842
-0.688388
-0.797061
-0.815258
-0.747990
-0.827221
-0.750271
-0.712734
-0.610300
-0.889668
-0.698221
-0.748043
-0.749397
-0.710076
-0.767837
-0.681995
-0.766367
-0.730840
-0.641963
-0.953391
-0.572244
-0.675196
-0.688799
-0.646785
-0.660575
-0.651618
-0.737967
-0.690054
-0.735539
-0.764286
-0.668209
-0.754136
-0.826779
-0.692529
-0.777113
-0.670662
-0.765336
-0.773912
-0.698253
-0.742924
-0.733684
-0.808740
-0.769674
-0.765949
-0.733095
-0.765225
-0.731889
-0.437715
-0.785237
-0.729168
-0.709412
-0.685016
-0.702468
-0.609410
-0.714254
-0.655097
-0.704255
-0.715248
-0.740404
-0.784828
-0.721126
-0.710694
-0.785552
-0.750348
-0.764241
-0.756462
-0.666728
-0.727097
-0.748479
-0.786769
-0.693268
-0.641940
-0.691911
-0.790300
-0.655730
-0.687054
-0.713289
-0.756557
-0.743328
-0.723006
-0.745119
-0.722813
-0.692057
-0.707687
-0.680247
-0.723195
-0.752786
-0.698601
-0.738819
-0.685649
-0.757224
-0.752078
-0.751517
-0.794777
-0.737797
-0.681352
-0.652771
-0.733042
-0.748856
-0.768463
-0.717985
-0.728275
-0.757354
-0.743552
-0.680158
-0.664323
-0.656178
-0.791312
-0.676346
-0.655612
-0.692417
-0.653631
-0.692977
-0.775241
-0.717464
-0.646914
-0.733944
-0.628883
-0.758294
-0.626338
-0.661939
-0.662462
-0.579196
-0.670566
-0.702741
-0.742521
-0.645366
-1.019132
-0.727834
-0.768930
-0.754960
-0.772772
-0.726123
-0.659062
-0.724354
-0.729759
-0.737607
-0.678269
-0.769494
-0.707346
-0.831119
-0.684621
-0.698846
-0.640776
-0.621262
-0.756382
-0.472225
-0.707586
-0.723281
-0.712107
-0.672890
-0.673495
-0.755559
-0.667881
-0.641001
-0.634170
-0.574454
-0.650095
-0.807464
-0.658983
-0.708153
-0.767691
-0.665456
-0.729705
-0.807793
-0.782612
-0.652713
-0.857238
-0.759686
-0.707893
-0.778943
-0.747339
-0.758267
-0.729897
-0.694133
-0.812506
-0.793349
-0.677088
-0.835509
-0.654373
-0.731373
-0.896473
-0.633775
-0.659110
-0.664726
-0.784646
-0.797297
-0.740225
-0.667673
-0.769519
-0.785380
-0.679670
-0.673727
-0.644899
-0.685563
-0.721123
-0.649245
-0.683986
-0.629210
-0.764017
-0.808476
-0.698055
-0.749775
-0.651200
-0.679471
-0.659167
-0.692581
-0.659998
-0.736298
-0.689241
-0.687707
-0.642803
-0.769517
-0.651274
-0.907584
-0.726628
-0.657320
-0.630904
-0.778095
-0.807288
-0.686762
-0.719954
-0.731065
-0.704353
-0.627363
-0.694668
-0.747251
-0.794444
-0.677415
-0.686552
-0.697621
-0.738336
-0.760138
-0.790185
-0.770384
-0.642061
-0.755498
-0.728021
-0.816120
-0.730587
-0.781043
-0.794323
-0.686298
-0.742701
-0.622227
-0.713354
-0.774707
-0.774763
-0.683780
-0.709432
-0.707806
-0.632468
-0.682361
-0.727705
-0.669512
-0.620707
-0.717566
-0.704011
-0.696894
-0.585524
-0.660155
-0.730084
-0.733891
-0.815482
-0.734266
-0.705586
-0.621731
-0.660761
-0.636511
-0.779084
-0.609299
-0.667146
-0.598321
-0.763492
-0.799652
-0.710861
-0.618412
-0.683659
-0.779015
-0.689858
-0.695791
-0.632248
-0.799943
-0.674620
-0.807616
-0.687258
-0.746365
-0.629688
-0.655002
-0.613207
-0.663682
-0.688536
-0.684320
-0.766029
-0.634482
-0.785128
-0.698912
-0.713647
-0.640864
-0.690434
-0.728967
-0.690983
-0.725286
-0.737609
-0.616497
-0.755179
-0.810523
-0.738609
-0.853412
-0.711799
-0.683502
-0.769015
-0.809034
-0.740154
-0.766386
-0.682136
-0.646903
-0.611809
-0.794360
-0.753348
-0.648283
-0.786476
-0.718655
-0.646478
-0.712242
-0.700828
-0.752608
-0.756127
-0.662034
-0.793564
-0.740159
-0.726630
-0.722677
-0.735962
-0.693636
-0.659007
-0.812506
-0.575335
-0.770293
-0.686342
-0.683279
-0.679603
-0.667951
-0.779501
-0.665876
-0.747783
-0.707164
-0.791707
-0.763136
-0.824603
-0.675384
-0.764390
-0.711018
-0.663864
-0.726299
-0.896933
-0.687432
-0.754589
-0.702616
-0.732389
-0.694097
-0.695903
-0.674525
-0.622020
-0.679850
-0.684444
-0.866038
-0.917616
-0.823428
-0.662617
-0.590395
-0.603143
-0.678136
-0.835024
-0.661092
-0.753965
-0.684979
-0.658461
-0.790883
-0.602494
-0.670969
-0.754592
-0.731007
-0.728433
-0.707666
-0.625845
-0.654644
-0.652061
-0.660624
-0.714873
-0.678536
-0.709661
-0.688968
-0.701136
-0.717156
-0.647414
-0.594826
-0.635548
-0.654129
-0.514828
-0.526887
-0.579580
-0.709261
-0.504063
-0.637697
-0.668873
-0.684746
-0.822026
-0.595982
-0.684683
-0.912403
-0.623476
-0.625887
-0.845452
-0.750318
-0.678104
-0.651964
-0.546099
-0.750513
-0.274639
-0.675972
-0.722060
-0.798659
-0.631568
-0.714789
-0.585994
-0.649292
-0.701879
-0.751517
-0.727571
-0.640388
-0.727368
-0.599292
-0.582831
-0.672216
-0.635591
-0.711450
-0.649874
-0.773716
-0.677341
-1.086005
-0.571175
-0.799800
-0.717159
-0.773116
-0.669129
-0.680192
-0.809380
-0.672729
-0.659881
-0.678743
-0.704560
-0.706794
-0.742650
-0.712088
-0.646695
-0.582793
-0.646859
-0.645738
-0.657258
-0.624659
-0.699188
-0.615752
-0.617007
-0.687063
-0.652691
-0.648449
-0.625129
-0.670290
-0.522199
-0.710306
-0.600406
-0.745809
-0.670722
-0.696901
-0.623846
-0.651185
-0.769718
-0.815475
-0.687216
-0.683841
-0.809267
-0.820201
-0.693568
-0.702140
-0.792393
-0.753044
-0.793370
-0.715521
-0.706987
-0.684682
-0.737724
-0.887997
-0.773207
-0.762129
-0.803667
-0.622784
-0.631290
-0.708833
-0.665271
-0.884317
-0.639053
-0.762335
-0.737103
-0.749264
-0.817387
-0.621577
-0.716073
-0.841121
-0.792842
-0.772783
-0.687315
-0.745276
-0.695485
-0.645916
-0.713004
-0.798433
-0.778297
-0.740750
-0.822805
-0.703715
-0.650787
-0.679302
-0.791464
-0.728871
-0.731616
-0.679319
-0.673803
-0.739782
-0.779260
-0.733034
-0.811367
-0.712515
-0.761677
-0.778743
-0.738510
-0.789409
-0.667516
-0.732747
-0.736111
-0.646406
-0.712108
-0.758882
-0.749279
-0.601528
-0.798845
-0.692794
-0.720483
-0.714478
-0.636025
-0.842031
-0.796936
-0.890073
-0.796903
-0.731017
-0.714951
-0.660212
-0.705788
-0.682316
-0.775841
-0.708757
-0.865144
-0.739953
-0.723927
-0.704951
-0.818217
-0.711701
-0.759892
-0.752278
-0.772851
-0.698488
-0.654269
-0.679518
-0.731820
-0.664388
-0.683114
-0.678419
-0.762491
-0.690008
-0.696270
-0.592678
-0.654628
-0.936610
-0.712417
-0.735865
-0.661723
-0.826952
-0.627324
-0.783474
-0.735796
-1.024554
-0.804967
-0.826399
-0.813032
-0.768797
-0.703995
-0.787548
-0.746025
-0.774658
-0.751248
-0.656290
-0.634071
-0.707303
-0.690652
-0.683367
-0.623723
-0.712120
-0.719683
-0.763986
-0.757141
-0.780457
-0.740453
-0.776113
-0.740789
-0.808017
-0.698800
-0.657629
-0.683260
-0.697606
-0.697009
-0.816522
-0.702933
-0.680029
-0.854742
-0.728492
-0.746869
-0.777881
-0.622843
-0.737668
-0.460808
-0.701563
-0.703714
-0.697865
-0.670453
-0.924348
-0.633761
-0.671683
-1.046896
-0.719581
-0.640316
-0.693863
-0.756494
-0.658365
-0.805168
-0.741753
-0.757037
-0.733162
-0.750443
-0.724213
-0.715344
-0.782750
-0.723875
-0.677926
-0.781494
-0.759275
-0.722887
-0.766859
-0.799992
-0.657878
-0.662818
-0.780882
-0.783733
-0.703393
-0.717252
-0.795513
-0.681524
-0.664849
-0.735249
-0.660004
-0.703774
-0.740384
-0.667565
-0.756274
-0.683596
-0.748956
-0.752873
-0.792856
-0.575197
-0.679401
-0.714126
-0.711280
-0.625810
-0.663013
-0.706069
-0.672922
-0.728412
-0.643577
-0.662230
-0.796561
-0.902716
-0.782742
-0.736798
-0.699910
-0.609442
-0.770698
-0.663729
-0.649775
-0.698662
-0.614597
-0.675018
-0.701994
-0.648413
-0.692774
-0.744439
-0.682736
-0.699482
-0.689661
-0.709699
-0.700856
-0.645974
-0.643367
-0.756748
-0.674385
-0.695177
-0.682224
-0.818326
-0.726765
-0.802875
-0.697642
-0.682362
-0.849541
-0.692500
-0.691179
-0.738792
-0.731291
-0.737661
-0.748889
-0.745465
-0.912713
-0.771183
-0.808488
-0.639868
-0.794617
-0.768082
-0.619632
-0.780334
-0.717473
-0.572568
-0.819665
-0.737451
-0.717950
-0.612454
-0.672286
-0.661208
-0.765421
-0.678916
-0.700168
-0.766410
-0.823282
-0.717996
-0.775643
-0.877921
-0.737786
-0.728596
-0.646962
-0.723830
-0.752836
-0.675883
-0.766473
-0.654940
-0.911843
-0.717921
-0.708430
-0.656833
-0.726628
-0.614451
-0.843008
-0.761241
-0.249725
-0.688747
-0.646656
-0.694217
-0.631855
-0.672209
-0.615999
-0.692092
-0.666718
-0.626517
-0.725345
-0.675124
-0.681522
-0.693083
-0.772345
-0.776250
-0.735510
-0.743826
-0.718498
-0.756757
-0.738712
-0.748839
-0.705249
-0.663648
-0.741162
-0.739938
-0.668406
-0.727089
-0.653483
-0.668659
-0.676646
-0.563788
-0.522352
-0.732483
-0.844658
-0.438946
-0.659394
-0.764614
-0.632320
-0.625443
-0.573686
-0.577507
-0.649563
-0.642654
-0.640325
-0.779195
-0.674157
-0.725368
-0.678835
-0.615625
-0.701368
-0.645367
-0.672229
-0.702229
-0.789267
-0.699881
-0.632170
-0.676455
-0.591881
-0.611519
-0.670914
-0.679594
-0.804721
-0.627174
-0.622821
-0.899010
-0.772584
-0.669756
-0.720442
-0.702574
-0.750762
-0.774070
-0.782565
-0.783570
-0.744256
-0.899394
-0.717373
-0.788395
-0.778478
-0.763374
-0.669171
-0.665083
-0.685372
-0.740335
-0.725092
-0.723086
-0.748594
-0.763634
-0.809682
-0.667433
-0.745854
-0.641255
-0.639044
-0.708020
-0.697132
-0.828654
-0.695547
-0.741282
-0.727574
-0.705057
-0.696768
-0.812190
-0.754578
-0.750868
-0.635500
-0.694856
-0.713199
-0.699127
-0.649971
-0.683423
-0.882029
-0.716057
-0.771792
-0.622466
-0.701927
-0.684181
-0.740003
-0.759009
-0.756623
-0.783742
-0.749961
-0.790061
-0.683128
-0.652060
-0.814142
-0.692758
-0.742146
-0.718886
-0.764113
-0.642390
-0.641434
-0.539780
-0.656999
-0.510320
-0.669823
-0.741629
-0.823060
-0.755406
-0.696732
-0.795052
-0.652150
-0.741491
-0.704718
-0.764629
-0.764052
-0.707390
-0.720841
-0.655892
-0.731340
-0.670716
-0.645420
-0.774224
-0.734526
-0.746193
-0.712320
-0.676380
-0.614501
-0.708513
-0.726028
-0.641982
-0.915289
-0.744900
-0.716789
-0.765845
-0.712904
-0.721843
-0.783007
-0.690242
-0.714687
-0.650887
-0.720220
-0.669978
-0.667877
-0.765037
-0.751427
-0.776869
-0.650056
-0.691173
-0.658990
-0.693680
-0.676750
-0.626425
-0.680519
-0.695576
-0.649408
-0.687997
-0.735194
-0.861141
-0.693076
-0.747517
-0.763392
-0.617895
-0.646118
-0.786364
-0.741885
-0.574844
-0.720382
-0.654031
-0.737500
-0.719393
-0.809021
-0.708247
-0.702517
-0.798269
-0.707054
-0.759328
-0.777415
-0.702713
-0.728186
-0.781106
-0.747188
-0.696731
-0.714680
-0.673311
-0.674377
-0.792787
-0.725264
-0.690615
-0.701590
-0.673545
-0.664980
-0.685377
-0.672029
-0.708025
-0.719520
-0.791482
-0.683776
-0.657705
-0.745660
-0.686077
-0.676717
-0.698028
-0.817100
-0.758863
-0.725804
-0.719494
-0.772249
-0.955343
-0.770557
-0.770348
-0.613255
-0.723358
-0.723843
-0.568117
-0.749861
-0.773981
-0.758828
-0.798936
-0.739502
-0.757940
-0.641597
-0.675785
-0.729213
-0.777823
-0.505645
-0.776443
-0.708486
-0.733644
-0.741781
-0.799011
-0.654685
-0.911370
-0.822834
-0.685610
-0.761634
-0.750455
-0.780458
-0.794696
-0.677001
-0.655927
-0.696944
-0.792547
-0.705343
-0.789442
-0.706628
-0.767009
-0.762083
-0.800677
-0.770309
-0.788630
-0.783016
-0.624126
-0.614275
-0.802396
-0.578629
-0.720393
-0.696136
-0.706648
-0.761120
-0.763979
-0.721291
-0.696797
-0.670741
-0.664450
-0.699822
-0.665891
-0.654030
-0.772603
-0.785080
-0.781154
-0.786166
-0.697056
-0.645892
-0.751747
-0.656693
-0.640888
-0.771743
-0.732531
-0.695210
-0.695781
-0.729134
-0.843938
-0.625049
-0.581884
-0.698690
-0.683043
-0.623862
-0.874176
-0.761393
-0.667028
-0.649501
-0.755471
-0.727137
-0.890011
-0.772792
-0.621547
-0.734158
-0.736046
-0.759927
-0.782786
-0.807951
-0.777986
-0.789886
-0.698106
-0.682050
-0.622365
-0.728453
-0.742508
-0.696008
-0.754914
-0.748021
-0.711195
-0.737398
-0.739468
-0.676649
-0.692546
-0.717251
-0.676431
-0.754095
-0.760693
-0.802784
-0.743896
-0.743804
-0.722582
-0.779661
-0.661853
-0.852966
-0.766781
-0.642356
-0.641495
-0.817012
-0.773689
-0.727950
-0.671759
-0.699341
-0.721654
-0.782811
-0.708786
-0.738397
-0.717164
-0.715113
-0.688775
-0.654209
-0.785889
-0.781148
-0.796068
-0.745651
-0.800350
-0.805342
-0.737008
-0.791932
-0.811435
-0.624599
-0.739159
-0.680084
-0.638751
-0.741645
-0.847247
-0.757873
-0.676115
-0.591038
-0.668038
-0.705459
-0.809461
-0.715842
-0.697543
-0.729913
-0.648718
-0.663909
-0.702131
-0.843959
-0.752980
-0.797609
-0.749367
-0.778548
-0.746649
-0.638556
-0.770809
-0.712547
-0.672986
-0.699804
-0.728343
-0.849003
-0.719296
-0.711940
-0.758380
-0.840978
-0.662937
-0.739054
-0.789819
-0.668246
-0.846022
-0.703107
-0.678666
-0.732899
-0.709430
-0.716875
-0.738364
-0.769514
-0.769918
-0.728938
-0.725269
-0.421111
-0.742264
-0.736374
-0.683277
-0.594083
-0.691754
-0.575371
-0.758632
-0.688180
-0.620429
-0.729878
-0.733406
-0.733666
-0.790456
-0.634671
-0.703822
-0.716597
-0.683478
-0.682759
-0.642719
-0.758949
-0.706275
-0.707732
-0.806955
-0.613344
-0.621112
-0.721230
-0.833782
-0.980099
-0.686917
-0.704677
-0.630808
-0.742489
-0.710686
-0.741732
-0.745984
-0.685210
-0.576736
-0.795400
-0.848154
-0.600887
-0.670470
-0.819967
-0.704485
-0.676792
-0.714949
-0.794129
-0.731875
-0.733254
-0.704991
-0.921600
-0.685142
-0.677248
-0.689969
-0.705807
-0.514112
-0.585775
-0.603680
-0.661781
-0.667296
-0.755225
-0.835437
-0.797284
-0.853158
-0.660619
-0.745836
-0.695176
-0.616308
-0.734296
-0.762036
-0.669602
-0.697258
-0.736861
-0.745143
-0.741198
-0.668892
-0.725482
-0.783867
-0.620313
-0.605526
-0.692852
-0.723016
-0.676619
-0.738658
-0.827047
-0.711283
-0.655320
-0.664015
-1.011668
-0.767178
-0.692903
-0.780876
-0.753119
-0.764579
-0.759164
-0.711064
-0.743381
-0.751962
-0.674788
-0.775823
-0.719230
-0.690104
-0.668456
-0.709140
-0.753778
-0.606066
-0.719356
-0.721208
-0.678772
-0.753959
-0.719250
-0.740843
-0.733403
-0.661181
-0.640135
-0.727605
-0.736729
-0.655815
-0.799311
-0.685333
-0.707330
-0.719382
-0.634907
-0.676539
-0.802292
-0.743973
-0.790039
-0.684131
-0.654212
-0.652007
-0.652120
-0.645876
-0.646828
-0.720175
-0.745108
-0.679078
-0.615363
-0.666855
-0.815094
-0.852598
-0.713506
-0.868220
-0.805604
-0.777653
-0.746136
-0.639865
-0.662290
-0.747176
-0.892901
-0.603885
-0.737164
-0.664680
-0.686330
-0.717804
-0.775974
-0.795999
-0.698291
-0.697509
-0.690565
-0.680480
-0.806277
-0.668846
-0.704560
-0.789956
-0.777738
-0.743881
-0.715262
-0.744191
-0.787688
-0.762541
-0.648615
-0.809902
-0.878065
-0.784997
-0.717553
-0.606809
-0.876413
-1.040132
-0.777225
-0.765364
-0.607414
-0.934574
-0.716480
-0.632373
-0.690555
-0.650233
-0.595451
-0.755316
-0.853436
-0.733046
-0.668074
-0.872126
-0.557822
-0.587478
-0.636909
-0.669902
-0.689472
-0.762321
-0.856049
-0.755154
-0.776498
-0.735553
-0.775743
-0.707387
-0.739446
-0.684140
-0.672907
-0.708582
-0.830305
-0.763986
-0.794644
-0.690217
-0.752850
-0.761093
-0.735617
-0.745806
-0.771679
-0.707398
-0.800631
-0.726553
-0.815403
-0.730591
-0.743832
-0.841451
-0.675729
-0.710904
-0.790465
-0.535596
-0.692296
-0.648228
-0.709247
-0.699045
-0.661155
-0.662063
-0.761562
-0.663327
-0.643288
-0.752051
-0.717619
-0.734475
-0.716254
-0.881483
-0.839274
-0.766156
-0.837145
-0.788644
-0.726841
-0.649248
-0.830361
-0.737734
-0.689196
-0.644484
-0.685312
-0.704842
-0.663630
-0.643187
-0.797420
-0.785946
-0.682807
-0.713739
-0.669825
-0.698965
-0.710558
-0.702712
-0.774107
-0.673989
-0.660284
-0.727717
-0.652750
-0.766750
-0.726800
-0.796660
-0.757908
-0.902500
-0.722051
-0.694579
-0.745958
-0.727218
-0.653598
-0.856932
-0.683784
-0.706718
-0.896432
-0.675220
-0.723816
-0.706055
-0.660197
-0.619999
-0.787997
-0.530766
-0.733011
-0.704748
-0.721085
-0.730460
-0.566787
-0.659253
-0.681313
-0.723846
-0.696868
-0.781839
-0.548488
-0.656066
-0.660053
-0.681745
-0.775473
-0.788129
-0.740077
-0.802287
-0.814535
-0.812685
-0.648875
-0.684834
-0.811408
-0.685289
-0.692827
-0.752638
-0.736578
-0.677742
-0.709056
-0.735837
-0.599473
-0.708877
-0.763201
-0.766140
-0.772292
-0.668566
-0.724822
-0.680161
-0.765656
-0.745342
-0.171049
-0.663318
-0.852585
-0.789236
-0.717602
-0.680139
-0.702422
-0.646524
-0.882057
-0.647138
-0.644563
-0.623176
-0.622645
-0.519584
-0.705422
-0.650829
-0.758704
-0.727697
-0.668517
-0.739037
-0.704849
-0.726878
-0.775426
-0.740979
-0.715038
-0.714075
-0.750696
-0.749482
-0.742124
-0.690843
-0.703940
-0.663675
-0.827356
-0.713861
-0.756807
-0.694046
-0.664379
-0.669828
-0.697385
-0.650039
-0.699704
-0.666477
-0.839182
-0.739159
-0.751042
-0.733092
-0.712172
-0.701774
-0.700463
-0.787141
-0.629263
-0.765108
-0.757016
-0.775458
-0.739055
-0.581577
-0.698875
-0.784944
-0.690446
-0.703767
-0.633855
-0.683941
-0.818914
-0.663067
-0.587040
-0.711166
-0.666186
-0.714890
-0.675962
-0.737761
-0.653597
-0.746141
-0.590248
-0.678993
-0.688363
-0.671010
-0.719757
-0.716702
-0.778415
-0.676313
-0.709898
-0.720105
-0.711273
-0.721986
-0.756591
-0.686432
-0.797720
-0.688929
-0.756092
-0.716059
-0.693611
-0.681588
-0.633496
-0.708594
-0.657411
-0.725951
-0.636803
-0.750045
-0.774178
-0.678336
-0.935315
-0.769235
-0.708612
-0.735950
-0.751463
-0.760302
-0.788577
-0.859768
-0.575344
-0.716377
-0.715521
-0.774689
-0.727827
-0.711233
-0.784440
-0.705748
-0.761014
-0.759814
-0.762067
-0.717213
-0.719792
-0.718897
-0.684613
-0.770440
-0.717202
-0.731381
-0.774720
-0.812181
-0.680383
-0.700450
-0.700063
-0.727222
-0.730890
-0.781760
-0.648580
-0.674743
-0.773120
-0.674740
-0.779184
-0.708174
-0.625309
-0.797143
-0.742974
-0.787666
-0.720613
-0.724358
-0.615482
-0.763376
-0.676312
-0.696313
-0.766851
-0.743944
-0.586495
-0.671158
-0.758207
-0.735055
-0.733189
-0.659865
-0.724914
-0.747831
-0.662744
-0.700348
-0.759137
-0.702170
-0.696183
-0.610628
-0.778574
-0.734227
-0.675989
-0.731270
-0.790345
-0.660623
-0.724774
-0.734196
-0.791359
-0.785852
-0.701063
-0.704897
-0.847882
-0.650118
-0.686497
-0.702631
-0.836836
-0.649012
-0.726839
-0.831913
-0.691846
-0.692347
-0.782733
-0.770276
-0.696478
-0.587852
-0.765546
-0.791176
-0.721438
-0.664260
-0.754129
-0.777758
-0.768094
-0.776019
-0.761119
-0.784914
-0.811795
-0.825452
-0.772788
-0.640959
-0.648265
-0.768635
-0.650605
-0.724198
-0.753171
-0.817574
-0.840520
-0.738993
-0.722940
-0.750332
-0.710541
-0.655612
-0.701027
-0.757661
-0.706133
-0.770164
-0.819791
-0.784366
-0.679194
-0.739776
-0.665004
-0.700454
-0.699576
-0.743788
-0.739148
-0.634046
-0.673709
-0.762985
-0.712884
-0.785491
-0.653666
-0.663095
-0.771670
-0.743224
-0.709965
-0.682040
-0.749086
-0.938704
-0.778806
-0.750328
-0.758708
-0.715598
-0.656088
-0.638979
-0.652247
-0.692808
-0.722655
-0.647118
-0.723714
-0.792691
-0.774011
-0.717367
-0.651615
-0.662378
-0.782036
-0.876382
-0.714614
-0.733460
-0.653158
-0.642818
-0.702920
-0.797618
-0.699628
-0.657703
-0.721512
-0.704014
-0.737643
-0.724582
-0.662852
-0.710683
-0.774199
-0.921579
-0.688447
-0.671106
-0.675523
-0.679313
-0.728043
-0.724107
-0.780521
-0.729634
-0.719208
-0.754274
-0.781612
-0.743236
-0.599244
-0.786242
-0.710390
-0.681254
-0.723667
-0.755665
-0.620260
-0.769715
-0.773252
-0.647576
-0.708106
-0.630110
-0.676671
-0.808971
-0.672323
-0.718772
-0.693191
-0.656594
-0.728324
-0.600131
-0.675694
-0.731376
-0.634798
-0.832212
-0.647299
-0.699750
-0.683983
-0.627871
-0.704160
-0.757188
-0.750757
-0.759471
-0.761327
-0.785033
-0.745648
-0.759679
-0.786189
-0.720522
-0.748857
-0.720591
-0.675855
-0.630259
-0.730093
-0.847636
-0.602686
-0.762525
-0.684474
-0.712395
-0.699177
-0.774157
-0.735696
-0.655393
-0.784276
-0.787092
-0.656026
-0.714535
-0.781917
-0.556459
-0.637374
-0.542600
-0.670598
-0.721772
-0.728131
-0.580968
-0.757279
-0.764949
-0.729148
-0.741635
-0.759447
-0.776864
-0.807449
-0.680684
-0.715900
-0.630090
-0.678539
-0.578676
-0.673663
-0.648095
-0.599663
-0.673767
-0.621675
-0.727571
-0.739957
-0.715824
-0.650885
-0.647497
-0.764328
-0.545802
-0.611241
-0.732294
-0.812058
-0.689537
-0.768387
-0.694649
-0.630403
-0.647787
-0.559665
-0.700195
-0.689999
-0.687483
-0.685533
-0.770037
-0.646715
-0.687012
-0.607479
-0.659427
-0.666138
-0.781464
-0.743535
-0.693205
-0.714966
-0.765398
-0.677963
-0.701578
-0.620568
-0.649371
-0.689186
-0.645316
-0.631258
-0.603338
-0.675207
-0.747295
-0.609587
-0.676116
-0.627088
-0.635731
-0.622782
-0.657736
-0.652736
-0.787757
-0.630806
-0.769864
-0.734150
-0.717814
-0.697558
-0.758511
-0.708869
-0.705643
-0.702907
-0.743830
-0.700045
-0.780165
-0.618836
-0.631632
-0.704676
-0.779605
-0.693648
-0.750220
-0.858603
-0.754719
-0.827705
-0.751239
-0.665986
-0.730322
-0.552218
-0.626934
-0.680271
-0.728432
-0.653139
-0.708893
-0.706664
-0.720228
-0.750341
-0.746350
-0.680539
-0.741106
-0.713878
-0.699668
-0.711857
-0.630701
-0.632116
-0.679490
-0.630893
-0.841593
-0.782140
-0.770816
-0.755836
-0.734652
-0.780681
-0.667140
-0.691582
-0.779609
-0.774920
-0.786168
-0.797641
-0.719425
-0.753139
-0.774140
-0.711502
-0.700798
-0.712185
-0.742842
-0.741709
-0.678122
-0.783676
-0.721061
-0.700936
-0.801064
-0.712549
-0.815317
-0.709917
-0.795193
-0.751173
-0.607858
-0.779388
-0.754384
-0.764205
-0.694078
-1.171091
-0.690959
-0.727838
-0.794295
-0.890425
-0.755471
-0.775828
-0.682943
-0.705241
-0.736250
-0.714071
-0.626431
-0.635620
-0.765219
-0.759145
-0.679842
-0.709964
-0.822586
-0.758400
-0.727408
-0.791502
-0.895669
-0.755788
-0.680710
-0.767914
-0.701431
-0.750526
-0.764223
-0.709409
-0.698326
-0.753518
-0.679233
-0.762338
-0.725770
-0.709274
-0.769369
-0.661950
-0.682983
-0.684647
-0.773088
-0.738241
-0.839290
-0.686063
-0.800460
-0.766961
-0.733882
-0.741623
-0.746914
-0.739554
-1.209213
-0.660063
-0.686150
-0.681319
-0.717341
-0.804834
-0.771353
-0.755952
-0.764225
-0.771131
-0.772789
-0.699415
-0.758579
-0.818852
-0.661463
-1.115944
-0.572291
-0.618984
-0.791829
-0.704844
-0.798109
-0.770449
-0.710426
-0.721795
-1.085853
-0.722302
-0.768808
-0.779524
-0.749174
-0.837480
-0.684453
-0.729344
-0.720183
-0.853976
-0.786936
-0.646604
-0.616190
-0.708466
-0.634503
-0.687581
-0.760045
-0.665624
-0.716340
-0.768889
-0.668518
-0.747956
-0.871707
-0.723293
-0.734104
-0.726821
-0.634511
-0.685312
-0.777038
-0.784150
-0.672752
-0.590184
-0.706602
-0.736326
-0.866922
-0.645709
-0.700508
-0.644427
-0.724399
-0.629577
-0.582446
-0.676254
-0.348082
-0.693960
-0.717981
-0.666229
-0.663972
-0.706661
-0.733526
-0.621668
-0.726095
-0.729048
-0.668006
-0.696087
-0.690127
-0.626155
-0.610344
-0.716240
-0.746641
-0.629389
-0.658970
-0.737722
-0.692407
-0.731304
-0.715038
-0.767718
-0.895616
-0.717805
-0.715033
-0.849657
-0.623978
-0.710518
-0.713109
-0.806325
-0.791205
-0.693605
-0.731625
-0.664165
-0.686760
-0.625609
-0.547073
-0.713011
-0.639333
-0.748705
-0.754971
-0.685919
-0.703641
-0.956621
-0.566282
-0.664849
-0.736677
-0.790294
-0.719188
-0.672891
-0.567359
-0.665059
-0.657614
-0.758371
-0.734917
-0.758730
-0.679586
-0.774903
-0.655739
-0.737874
-0.673728
-0.819588
-0.707924
-0.838238
-0.680024
-0.663367
-0.743111
-0.804403
-0.699801
-0.777843
-0.751202
-0.822379
-0.596137
-0.697455
-0.747177
-0.961585
-0.646076
-0.876201
-0.656267
-0.728058
-0.673446
-0.760094
-0.614400
-0.648724
-0.733863
-0.745598
-0.814459
-0.818173
-0.766403
-0.738250
-0.775022
-0.699335
-0.711233
-0.668733
-0.752561
-0.713389
-0.673084
-0.708284
-0.790929
-0.776395
-0.755611
-0.737402
-0.664304
-0.521348
-0.667233
-0.772429
-0.610482
-0.785984
-0.762465
-0.741081
-0.600832
-0.692079
-0.811450
-0.806011
-0.747842
-0.704197
-0.717670
-0.734414
-0.724693
-0.976312
-0.668975
-0.669269
-0.732108
-0.690442
-0.618835
-0.666604
-0.681259
-0.709354
-0.624532
-0.636303
-0.730519
-0.659424
-0.589959
-0.677552
-0.623199
-0.607943
-0.618145
-0.722212
-0.730615
-0.658263
-0.711298
-0.707582
-0.593462
-0.719551
-0.752522
-0.713577
-0.585593
-0.674931
-0.712334
-0.658846
-0.701831
-0.802727
-0.528377
-0.794623
-0.693468
-0.693221
-0.709706
-0.684239
-0.707921
-0.801499
-0.646140
-0.603182
-0.662102
-0.779130
-0.691942
-0.686862
-0.792296
-0.816366
-0.803822
-0.787870
-0.746981
-0.606819
-0.765131
-0.710911
-0.749868
-0.688395
-0.701803
-0.718471
-0.777196
-0.765321
-0.768830
-0.722941
-0.810368
-0.679225
-0.728062
-0.804211
-0.819690
-0.698214
-0.641768
-0.784120
-0.735679
-0.865441
-0.681234
-0.766396
-0.661343
-0.678702
-0.857336
-0.792734
-0.596638
-0.691777
-0.708775
-0.641302
-0.624245
-0.690823
-0.739778
-0.761327
-0.776204
-0.770804
-0.650524
-0.651130
-0.657664
-0.731114
-0.799781
-0.687402
-0.605725
-0.656455
-0.716611
-0.664905
-0.661136
-0.436707
-0.638845
-0.783938
-0.592722
-0.699846
-0.870027
-0.803824
-0.664268
-0.666431
-0.616871
-0.613988
-0.580008
-0.567759
-0.595930
-0.755239
-0.345103
-0.556317
-0.660280
-0.842631
-0.635600
-0.715095
-0.613336
-0.651527
-0.658118
-0.682547
-0.624236
-0.760610
-0.662259
-0.694340
-0.683982
-0.732023
-0.727408
-0.723657
-0.683462
-0.681073
-0.680166
-0.730645
-0.724239
-0.571518
-0.779674
-0.766886
-0.707148
-0.657684
-0.715788
-0.700306
-0.763338
-0.761649
-0.791028
-0.697239
-0.759702
-0.679776
-0.990554
-0.808862
-0.710798
-0.678304
-0.808613
-0.596057
-0.698768
-0.768214
-0.697161
-0.680598
-0.734900
-0.775968
-0.807533
-0.654289
-0.698329
-0.719418
-0.708572
-0.726174
-0.820174
-0.690900
-0.696331
-0.758596
-0.751557
-0.981223
-0.688713
-0.731585
-0.793014
-0.722777
-0.658628
-0.802798
-0.676173
-0.784239
-0.753868
-0.721131
-0.686785
-0.697732
-0.715497
-0.578649
-0.706587
-0.697928
-0.691442
-0.707485
-0.762108
-0.715407
-0.680477
-0.644089
-0.666225
-0.722916
-0.740376
-0.696471
-0.710087
-0.809727
-0.791301
-0.785841
-0.747638
-0.699102
-0.691030
-0.734344
-0.686661
-0.777904
-0.720091
-0.870190
-0.781754
-0.744719
-0.745767
-0.729693
-0.737673
-0.722566
-0.722707
-0.574430
-0.728770
-0.742773
-0.715764
-0.654664
-0.766604
-0.702011
-0.709625
-0.746784
-0.662479
-0.646529
-0.387341
-0.817105
-0.651658
-0.598364
-0.690390
-0.636541
-0.766521
-0.849395
-0.674824
-0.746456
-0.637416
-0.685406
-0.374966
-0.690286
-0.760213
-0.842294
-0.781293
-0.699945
-0.746067
-0.777507
-0.786258
-0.717920
-0.808874
-0.701487
-0.566583
-0.629237
-0.659728
-0.671010
-0.762450
-0.681974
-0.738391
-0.757920
-0.718684
-0.861694
-0.672786
-0.727898
-0.733466
-0.613846
-0.642032
-0.695847
-0.687235
-0.648109
-0.726289
-0.619403
-0.796994
-0.788409
-0.730323
-0.768260
-0.762382
-0.577520
-0.616124
-0.709276
-0.665156
-0.717077
-0.808058
-0.714158
-0.672539
-0.727783
-0.751901
-0.702366
-0.720241
-0.806339
-0.777102
-0.627933
-0.674221
-0.729034
-0.655328
-0.665116
-0.607221
-0.661210
-0.684951
-0.666694
-0.590222
-0.693103
-0.738842
-0.658417
-0.683714
-0.745825
-0.749086
-0.692627
-0.693682
-0.668461
-0.682514
-0.825899
-0.674264
-0.689202
-0.575925
-0.718484
-0.617098
-0.797401
-0.750771
-0.728409
-0.716374
-0.772871
-0.639031
-0.681576
-0.665134
-0.604759
-0.679004
-0.654856
-0.635697
-0.782943
-0.775496
-0.642433
-0.575876
-0.718836
-0.800887
-0.662661
-0.742316
-0.812577
-0.685518
-0.641276
-0.636481
-0.695973
-0.729317
-0.698157
-0.522561
-0.723772
-0.715129
-0.761474
-0.637502
-0.611188
-0.677411
-0.819120
-0.703732
-0.744151
-0.744909
-0.682714
-0.770056
-0.722458
-0.759184
-0.726323
-0.912849
-0.738268
-0.725546
-0.719123
-0.589386
-0.712895
-0.697370
-0.689287
-0.787759
-0.707508
-0.722447
-0.697512
-0.806030
-0.561019
-0.840363
-0.662991
-0.713378
-0.735938
-0.755962
-0.687339
-0.605824
-0.756979
-0.752383
-0.738731
-0.675688
-0.698545
-0.668915
-0.597117
-0.739706
-0.715605
-0.673782
-0.724420
-0.748023
-0.726936
-0.739671
-0.747715
-0.775780
-0.801008
-0.748928
-0.644483
-0.685342
-0.657602
-0.657939
-0.804595
-0.682308
-0.723947
-0.749466
-0.748815
-0.807533
-0.821377
-0.802597
-0.732227
-0.628312
-0.651864
-0.680596
-0.762180
-0.652945
-0.649031
-0.629702
-0.782597
-0.843422
-0.783388
-0.647665
-0.777944
-0.770453
-0.741189
-0.776338
-0.735207
-0.733056
-0.601259
-0.646716
-0.795171
-0.718316
-0.846935
-0.620004
-0.878113
-0.583045
-0.610697
-0.661472
-0.652574
-0.735127
-0.818415
-0.685842
-0.711758
-0.826385
-0.723075
-0.777182
-0.811512
-0.970020
-0.714476
-0.812037
-0.715031
-0.731085
-0.680400
-0.719011
-0.752617
-0.760008
-0.718542
-0.683039
-0.674424
-0.712726
-0.685980
-0.645543
-0.617203
-0.588437
-0.738802
-0.739578
-0.694177
-0.782819
-0.582187
-0.592542
-0.764116
-0.747037
-0.761591
-0.752290
-0.787220
-0.698820
-0.815008
-0.793312
-0.672723
-0.706372
-0.704319
-0.793899
-0.699118
-0.640005
-0.706724
-0.877733
-0.754506
-0.625916
-0.987308
-0.587959
-0.600560
-0.678591
-0.660822
-0.661881
-0.659412
-0.783001
-0.657436
-0.786252
-0.690494
-0.685286
-0.647185
-0.701599
-0.666610
-0.638407
-0.578763
-0.627898
-0.748092
-0.680313
-0.623877
-0.689699
-0.918434
-0.734715
-0.840937
-0.621681
-0.749219
-0.698451
-0.715609
-0.760785
-0.697638
-0.694484
-0.765629
-0.747049
-0.705854
-0.694210
-0.678310
-0.715548
-0.776586
-0.757211
-0.743523
-0.618342
-0.577934
-0.682867
-0.733756
-0.705574
-0.837946
-0.773555
-0.736849
-0.645927
-0.730681
-0.792338
-0.773448
-0.674554
-0.718576
-0.717881
-0.626858
-0.855617
-0.642952
-0.737429
-0.737670
-0.767769
-0.727903
-0.740796
-0.728592
-0.638596
-0.759766
-0.708376
-0.642790
-0.710847
-0.821695
-0.750371
-0.888679
-0.742457
-0.818701
-0.665341
-0.691961
-0.743475
-0.499843
-0.630477
-0.960988
-0.679145
-0.846749
-0.633696
-0.645339
-0.678217
-0.719313
-0.697224
-0.848145
-0.667902
-0.655206
-0.767618
-0.701032
-0.648225
-0.699226
-0.776809
-0.644040
-0.703201
-0.707731
-0.796940
-0.602075
-0.588535
-0.757263
-0.650443
-0.644907
-0.619264
-0.637233
-0.650346
-0.688338
-0.689335
-0.743366
-0.659404
-0.658805
-0.742371
-0.737699
-0.726778
-0.812090
-0.780523
-0.665576
-0.653955
-0.637587
-0.856349
-0.739820
-0.743682
-0.726698
-0.665695
-0.717809
-0.664489
-0.793318
-0.604767
-1.099255
-0.745785
-0.657051
-0.622335
-0.854475
-0.781253
-0.648119
-0.706039
-0.740999
-0.777046
-0.703489
-0.658379
-0.632705
-0.675732
-0.719352
-0.737183
-0.692037
-0.755290
-1.009819
-0.690907
-0.806240
-0.748864
-0.787615
-0.775296
-0.775980
-0.754712
-0.676420
-0.693898
-0.697317
-0.789183
-0.720189
-0.755917
-0.720417
-0.792784
-0.702731
-0.707677
-0.795871
-0.835264
-0.707604
-0.680870
-0.686187
-0.967445
-0.660000
-0.649767
-0.687731
-0.698502
-0.655923
-0.811712
-0.774460
-0.881493
-0.687513
-0.665618
-0.702038
-0.680533
-0.699433
-0.669729
-0.809278
-0.708211
-0.770467
-0.705056
-0.682545
-0.753962
-0.770051
-0.686615
-0.658918
-0.855724
-0.654852
-0.615533
-0.693899
-0.701883
-0.663876
-0.750859
-0.758472
-0.752746
-0.788356
-0.724357
-0.704332
-0.822185
-0.711549
-0.710406
-0.949960
-0.767351
-0.619788
-0.756490
-0.760543
-0.683037
-0.806564
-0.811422
-0.802724
-0.755784
-0.742879
-0.691137
-0.766669
-0.691792
-0.786616
-0.682030
-0.739106
-0.663295
-0.717443
-0.788218
-0.539572
-0.747786
-0.639860
-0.756908
-0.660930
-0.730508
-0.506211
-0.527199
-0.672885
-0.750109
-0.635523
-0.612242
-0.606088
-0.694429
-0.590287
-0.613701
-0.594255
-0.692628
-0.778180
-0.793552
-0.719807
-0.691197
-0.656240
-0.669570
-0.726793
-0.733396
-0.701503
-0.701059
-0.648907
-0.634905
-0.635173
-0.679845
-0.677706
-0.742619
-0.668850
-0.649028
-0.679318
-0.519845
-0.672369
-0.727583
-0.620659
-0.675429
-0.645997
-0.601159
-0.850304
-0.635297
-0.665087
-0.686950
-0.755817
-0.677368
-0.725510
-0.687594
-0.655952
-0.720128
-0.686731
-0.674843
-0.685107
-0.746402
-0.692648
-0.708343
-0.676033
-0.616902
-0.735394
-0.672705
-0.583970
-0.667535
-0.712298
-0.610516
-0.605879
-0.412098
-0.712623
-0.731399
-0.797516
-0.667279
-0.780198
-0.671708
-0.697479
-0.725979
-0.648222
-0.660748
-0.679224
-0.676761
-0.730121
-0.672231
-0.690699
-0.673330
-0.701297
-0.859633
-0.486035
-0.672439
-0.680280
-0.670882
-0.711629
-0.686941
-0.675763
-0.757933
-0.809081
-0.660571
-0.879915
-0.688151
-0.552149
-0.655275
-0.809230
-0.829457
-0.849829
-0.728017
-0.801200
-0.790035
-0.804003
-0.814779
-0.834532
-0.748134
-0.631295
-0.813570
-0.746641
-0.738381
-0.781488
-0.730097
-0.691496
-0.741373
-0.812655
-0.798038
-0.766933
-0.723235
-0.787121
-0.756501
-0.780912
-0.729844
-0.765314
-0.781996
-0.748134
-0.744598
-0.532629
-0.667830
-0.651643
-0.699777
-0.648088
-0.642710
-0.761966
-0.769447
-0.693923
-0.769889
-0.756446
-0.675367
-0.796359
-0.671919
-0.734672
-0.674761
-0.825252
-0.773156
-0.625755
-0.736532
-0.588880
-0.754119
-0.600498
-0.751693
-0.661608
-0.651087
-0.734795
-0.692135
-0.701859
-0.757401
-0.719448
-0.824539
-0.768696
-0.688227
-0.860346
-0.695079
-0.696666
-0.698010
-0.762154
-0.782977
-0.742870
-0.865398
-0.743979
-0.721388
-0.710418
-0.758400
-0.672625
-0.701540
-0.775472
-0.778997
-0.973657
-0.695747
-0.673731
-0.764257
-0.867229
-0.641279
-0.722110
-0.791023
-0.690285
-0.571861
-0.797941
-0.662788
-0.712265
-0.704103
-0.714057
-0.740965
-0.645984
-0.679171
-0.727377
-0.695279
-0.737668
-0.734023
-0.648520
-0.762181
-0.679266
-0.721703
-0.795707
-0.801940
-0.664788
-0.762259
-0.686688
-0.686745
-0.616517
-0.663217
-0.843697
-0.655658
-0.705510
-0.638625
-0.696224
-0.761461
-0.668457
-0.699495
-0.679221
-0.745617
-0.698830
-0.655612
-0.697161
-0.688273
-0.592694
-0.659252
-0.666622
-0.704340
-0.738604
-0.673172
-0.674713
-0.719031
-0.738264
-0.688160
-0.651057
-0.715326
-0.629211
-0.741488
-0.720065
-0.664032
-0.734962
-0.647977
-0.700107
-0.609557
-0.742684
-0.756623
-0.845074
-0.658218
-0.770798
-0.691323
-0.684110
-0.763324
-0.747453
-0.959496
-0.783044
-0.693809
-0.542380
-0.732462
-0.741384
-0.823270
-0.866733
-0.680057
-0.742073
-0.673912
-0.834629
-0.710549
-0.678644
-0.726461
-0.732924
-0.620696
-0.755849
-0.685618
-0.640421
-0.599853
-0.819912
-0.822551
-0.701993
-0.601064
-0.678248
-0.637221
-0.780325
-0.669464
-0.597529
-0.680254
-0.605463
-0.762750
-0.660316
-0.688349
-0.726278
-0.847588
-0.802411
-0.732440
-0.718111
-0.730576
-0.719396
-0.707811
-0.676810
-0.745345
-1.047748
-0.491702
-0.568996
-0.708695
-0.730423
-0.705889
-0.692678
-0.797763
-0.790714
-0.812132
-0.762904
-0.759004
-0.704406
-0.675650
-0.711894
-0.717920
-0.708973
-0.705433
-0.762685
-0.658287
-0.694354
-0.697283
-0.712068
-0.727891
-0.778497
-0.620869
-0.685068
-0.721930
-0.604428
-0.687251
-0.736297
-0.682798
-0.681441
-0.712252
-0.719519
-0.776471
-0.649420
-0.748228
-0.762794
-0.649611
-0.769685
-0.680866
-0.685710
-0.665114
-0.736092
-0.618628
-0.740658
-0.810515
-0.714017
-0.716114
-0.634758
-0.747374
-0.679795
-0.728595
-0.720110
-0.697395
-0.721992
-0.711146
-0.774703
-0.709324
-0.706781
-0.681166
-0.757703
-0.769840
-0.748585
-0.722012
-0.753397
-0.769593
-0.780746
-0.722352
-0.758692
-0.705351
-0.694027
-0.710837
-0.729022
-0.731743
-0.700322
-0.775723
-0.786393
-0.722834
-0.787532
-0.814796
-0.754614
-0.925096
-0.763095
-0.778452
-0.750498
-0.771541
-0.670054
-0.646652
-0.955564
-0.648137
-0.685088
-0.631816
-0.765610
-0.795950
-0.684533
-0.687279
-0.661411
-0.668385
-0.734957
-0.810019
-0.898395
-0.879502
-0.643066
-0.717558
-0.787054
-0.690367
-0.636463
-0.712138
-0.667994
-0.831047
-0.797133
-0.669218
-0.786844
-0.686331
-0.762084
-0.679165
-0.879895
-0.810017
-0.737776
-0.659051
-0.677771
-0.705375
-0.654290
-0.721682
-0.731318
-0.774065
-0.787359
-0.767962
-0.744357
-0.743272
-0.697686
-0.752157
-0.766809
-0.733335
-0.700407
-0.669768
-0.687757
-0.645595
-0.646105
-0.703149
-0.652003
-0.870064
-0.746317
-0.709441
-0.788038
-0.755868
-0.860947
-0.663198
-0.774367
-0.743901
-0.788834
-0.729485
-0.806295
-0.750112
-0.666253
-0.718846
-0.737765
-0.874721
-0.725138
-0.729736
-0.733783
-0.715232
-0.722478
-0.712757
-0.610753
-0.700458
-0.750408
-1.027329
-0.646725
-0.717704
-0.676918
-0.724901
-0.682467
-0.668391
-0.736841
-0.683920
-0.768753
-0.774924
-0.802866
-0.770067
-0.762987
-0.797492
-0.772054
-0.764854
-0.843589
-0.685473
-0.666823
-0.796281
-0.739199
-0.763099
-0.706787
-0.788397
-0.664416
-0.804394
-0.811304
-0.769350
-0.622490
-0.778904
-0.688799
-0.604309
-0.537984
-0.570798
-0.575811
-0.744811
-0.729815
-0.687651
-0.791902
-0.786363
-0.751754
-0.796830
-0.674013
-0.759017
-0.707566
-0.858760
-0.604323
-0.700879
-0.684195
-0.719372
-0.833512
-0.791002
-0.674562
-0.687328
-0.701760
-0.798778
-0.709346
-0.615335
-0.738923
-0.769475
-0.712276
-0.794935
-0.673988
-0.731470
-0.686097
-0.654740
-0.698670
-0.739910
-0.733451
-0.719607
-0.665758
-0.807834
-0.714666
-0.724245
-0.633058
-0.594770
-0.679345
-0.615258
-0.724750
-0.784130
-0.661763
-0.773992
-0.716435
-0.558901
-0.625554
-0.557628
-0.590048
-0.656945
-0.688203
-0.677426
-0.697792
-0.815897
-0.627044
-0.641522
-0.620919
-0.290275
-0.575910
-0.750831
-0.729819
-0.628178
-0.662354
-0.732721
-0.802733
-0.776832
-0.752653
-0.703694
-0.714519
-0.697467
-0.682717
-0.738192
-0.699917
-0.730415
-0.731887
-0.766222
-0.832031
-0.764587
-0.639479
-0.694193
-0.762923
-0.744372
-0.816698
-0.731604
-0.598710
-0.729429
-0.730069
-0.663817
-0.753111
-0.773677
-0.772029
-0.774278
-0.659110
-0.710013
-0.697267
-0.713726
-0.773707
-0.722108
-0.760320
-0.800548
-0.762632
-0.701941
-0.711330
-0.620622
-0.582500
-0.727018
-0.836341
-0.728568
-0.710616
-0.668422
-0.724835
-0.776140
-0.672803
-0.809793
-0.732285
-0.705982
-0.779770
-0.733517
-0.734719
-0.672390
-0.660565
-0.764625
-0.776819
-0.579827
-0.715496
-0.756797
-0.762804
-0.685469
-0.700097
-0.766141
-0.685367
-0.778063
-0.787227
-0.651680
-0.774515
-0.680872
-0.649792
-0.751444
-0.724085
-0.705568
-0.651029
-0.653433
-0.687604
-0.757671
-0.677727
-0.644088
-0.616131
-0.638586
-0.700807
-0.737430
-0.735496
-0.782516
-0.728563
-0.773803
-0.670543
-0.755686
-0.735240
-0.682301
-0.695666
-0.893582
-0.663565
-0.691205
-0.698284
-0.665141
-0.765116
-0.723094
-0.714708
-0.766467
-0.655551
-0.790273
-0.670474
-0.679194
-0.707687
-0.642273
-0.801375
-0.653646
-0.624160
-0.703262
-0.700940
-0.664954
-0.749731
-0.688816
-0.660016
-0.579258
-0.670635
-0.721510
-0.704966
-0.726793
-0.680846
-0.679887
-0.701342
-0.725857
-0.914442
-0.696128
-0.705664
-0.738089
-0.662028
-0.770801
-0.784979
-0.609185
-0.583293
-0.683752
-0.611114
-0.702356
-0.802313
-0.727810
-0.654079
-0.771540
-0.754859
-0.716549
-0.667447
-0.681408
-0.648416
-0.682353
-0.703524
-0.691775
-0.719308
-0.608185
-0.660057
-0.663491
-0.690928
-0.807606
-0.536395
-0.703664
-0.800648
-0.679537
-0.760171
-0.756344
-0.718905
-0.776835
-0.767152
-0.715193
-0.729507
-0.769680
-0.767560
-0.787982
-0.640843
-0.787940
-0.778252
-0.692524
-0.897928
-0.901681
-0.778760
-0.800963
-0.760275
-0.763903
-0.812121
-0.690100
-0.675204
-0.660307
-0.736583
-0.656511
-0.720816
-0.674029
-0.699043
-0.679702
-0.673892
-0.658361
-0.683863
-0.664177
-0.686678
-0.699834
-0.745449
-0.682987
-0.556523
-0.600466
-0.710459
-0.753414
-0.773878
-0.711006
-0.465486
-0.783438
-0.647376
-0.692747
-0.700245
-0.664301
-0.743330
-0.672356
-0.644642
-0.683364
-0.746708
-0.704535
-0.702453
-0.690833
-0.718296
-0.735505
-0.537053
-0.719750
-0.738890
-0.742711
-0.608378
-0.744007
-0.699171
-0.700460
-0.536540
-0.615459
-0.735362
-0.621695
-0.598772
-0.560684
-0.694939
-0.603458
-0.335039
-0.588850
-0.759116
-0.694402
-0.748116
-0.745837
-0.763405
-0.696797
-0.705482
-0.753247
-0.661926
-0.676352
-0.635846
-0.694907
-0.727112
-0.752558
-0.655769
-0.794762
-0.751398
-0.731201
-0.671547
-0.759368
-0.734416
-0.776129
-0.759855
-0.671214
-0.761946
-0.742235
-0.770902
-0.689086
-0.762165
-0.608568
-0.667065
-0.625245
-0.682332
-0.688234
-0.672764
-0.669243
-0.689340
-0.755068
-0.747564
-0.673628
-0.724718
-0.359365
-0.626859
-0.698323
-0.735077
-0.660771
-0.853043
-0.634482
-0.728182
-0.719888
-0.558359
-0.574459
-0.705311
-0.760245
-0.742879
-0.685460
-0.742424
-0.655221
-0.699023
-0.780347
-0.767621
-0.677221
-0.725924
-0.672831
-0.735942
-0.703263
-0.797823
-0.727949
-0.741481
-0.733996
-0.713099
-0.767262
-0.698781
-0.770368
-0.736706
-0.938674
-0.717302
-0.735816
-0.737659
-0.807729
-0.674424
-0.711639
-0.707054
-0.602036
-0.663658
-0.634817
-0.598876
-0.610144
-0.795793
-0.521703
-0.726442
-0.755722
-0.766621
-0.690011
-0.761598
-0.808089
-0.682711
-0.731907
-0.713500
-0.697910
-0.737302
-0.769792
-0.742053
-0.711499
-0.744123
-0.767413
-0.645301
-0.763971
-0.689088
-0.656058
-0.771205
-0.679412
-0.741500
-0.650789
-0.756075
-0.795459
-0.662184
-0.716581
-0.718164
-0.759922
-0.777496
-0.624985
-0.726833
-0.699348
-0.782163
-0.767699
-0.761509
-0.744758
-0.742068
-0.763070
-0.710367
-0.699616
-0.754389
-0.614307
-0.748823
-0.690489
-0.732698
-0.710980
-0.708563
-0.678370
-0.661258
-0.600180
-0.676793
-0.693662
-0.479035
-0.710021
-0.709552
-0.633345
-0.748284
-0.724433
-0.593967
-0.652685
-0.724447
-0.695489
-0.663748
-0.617139
-0.716520
-0.761869
-0.870992
-0.715694
-0.726097
-0.590079
-0.755828
-0.661568
-0.610979
-0.707788
-0.669434
-0.747311
-0.702775
-0.646496
-0.749335
-0.732870
-0.717946
-0.795728
-0.715060
-0.760190
-0.724022
-0.691820
-0.589585
-0.642991
-0.604528
-0.665770
-0.602273
-0.562861
-0.675073
-0.664560
-0.726091
-0.564338
-0.641483
-0.700007
-0.671512
-0.644382
-0.714871
-0.877742
-0.668063
-0.749476
-0.668202
-0.656224
-0.736251
-0.625729
-0.623683
-0.583349
-0.681700
-0.664730
-0.716934
-0.744177
-0.691610
-0.871670
-0.712317
-0.733113
-0.678990
-0.755937
-0.693286
-0.648524
-0.792056
-0.702079
-0.827819
-0.759484
-0.692973
-0.595733
-0.788905
-0.773223
-0.696232
-0.722941
-0.773969
-0.759526
-0.661703
-0.693075
-0.739521
-0.789276
-0.654444
-0.666741
-0.728221
-0.674218
-0.724504
-0.767055
-0.734976
-0.773617
-0.751499
-0.696631
-0.719935
-0.728065
-0.704864
-0.639790
-0.676632
-0.674650
-0.686107
-0.716276
-0.725895
-0.629217
-0.676536
-0.731516
-0.685664
-0.674925
-0.675158
-0.733458
-0.683038
-0.716199
-0.732584
-0.709346
-0.907056
-0.750760
-0.683395
-0.685082
-1.053810
-0.697430
-0.718393
-0.737450
-0.682759
-0.689561
-0.586751
-0.838566
-0.732442
-0.698946
-0.662859
-0.665006
-0.663473
-0.679491
-0.618791
-0.604509
-0.850634
-1.202307
-0.851014
-0.652624
-0.722796
-0.690690
-0.695506
-0.723821
-0.790659
-0.622054
-0.870230
-0.837403
-0.772500
-0.927253
-0.779691
-0.807976
-0.877093
-0.858580
-0.885958
-0.735668
-0.674882
-0.894223
-0.776382
-0.763496
-0.821052
-0.674084
-0.832130
-0.654293
-0.745773
-0.710174
-1.697190
-0.755512
-0.926854
-0.648269
-0.677833
-0.780777
-0.822828
-0.850855
-0.956804
-0.805695
-0.843873
-0.672884
-0.864412
-0.852075
-0.741470
-0.891385
-0.953432
-1.033566
-0.858323
-0.869330
-0.713775
-0.925610
-0.731959
-0.777381
-0.821884
-0.003147
-1.508718
-0.774125
-0.825184
-0.840616
-0.771423
1.648778
-0.774028
-0.616084
-0.332142
-0.655832
-0.594707
-0.605193
-0.829394
-0.584379
-0.866085
-0.638521
-1.683397
-0.588336
-1.154279
-0.654886
-0.761613
-0.636263
-0.933859
-0.681000
-0.619096
-0.735695
-0.743670
-0.645036
-0.789056
-0.727207
-0.402172
-0.707448
-0.677342
-0.631977
-0.742385
-0.691582
-0.854773
-0.820860
-0.909767
-0.673564
-0.677690
-0.819900
-1.419118
-0.724044
-0.788156
-0.680616
-0.492655
-0.481214
-0.990461
-0.732489
-0.804030
-0.863066
-0.723528
-0.543828
-0.789272
-0.769005
-0.675546
-0.644703
-0.688785
-0.992693
-0.612604
-0.698384
-0.810277
-0.745296
-0.768639
-0.717233
-0.833725
-0.746961
-0.786008
-0.578457
-0.829394
-0.616715
-0.573540
-0.812872
-0.398683
-3.182183
-0.827833
-1.046773
-0.688437
-0.674844
-0.712385
-0.757160
-1.019171
-0.833099
-0.755011
-0.836088
-0.686384
-0.771633
-0.778058
-0.756639
-0.886661
-0.364462
-0.697908
-0.745592
-0.732741
-0.623034
-0.756089
-0.767674
-0.745651
-0.765418
-0.807825
-0.805144
-0.824711
-0.858067
-0.824153
-1.099185
-0.667676
-0.718798
-0.377743
-0.757874
-0.731224
-0.787108
-0.716627
-0.641666
-0.664036
-0.619316
-0.696277
-1.116336
-0.867260
-1.050076
-0.710877
-1.101095
-0.701559
-0.849636
-0.823087
-0.755079
-0.070644
-0.774015
-2.450369
-0.818270
-0.936857
-0.660455
-0.725432
-0.807920
-0.798589
-0.803024
-0.782498
-0.744981
-0.806422
-0.679471
-0.780138
-0.828092
-1.206491
-0.635930
-0.662733
-0.678702
-0.787514
-0.807195
-0.649684
-0.741394
-0.765673
-0.772834
-0.697361
-0.774433
-0.682898
-0.717034
-0.729061
-0.784649
-0.558953
-0.624074
-0.750048
-0.933299
-0.744050
-0.742397
-0.742420
-0.743183
-0.809198
-0.765953
-0.872808
-0.762868
-0.679152
-0.642200
-0.669357
-1.013856
-0.735627
-0.676191
-1.359816
-0.862081
-0.659314
-0.920321
-0.912829
-0.682476
-0.716944
-0.945412
-1.004524
-0.835514
-0.872378
-0.645158
-0.737468
-0.741513
-0.666476
-0.711883
-0.698005
-0.711212
-0.744553
-0.633200
-0.762332
-0.993025
-0.695266
-0.705595
-0.674200
-0.591719
-0.616305
-0.695589
-0.727430
-0.601700
-0.674109
-0.806643
-0.713823
-0.595344
-0.621685
-0.666518
-0.711992
-0.660782
-0.668280
-0.637439
-0.671897
-0.771228
-0.729176
-0.710654
-0.792834
-0.620483
-0.752381
-0.694475
-0.670083
-0.784755
-0.678818
-0.661865
-0.603378
-0.707855
-0.679126
-0.758853
-0.587786
-0.719471
-0.598444
-0.603740
-0.642447
-0.766994
-0.667132
-0.692594
-0.694400
-0.703996
-0.626167
-0.751793
-0.788366
-0.728555
-0.764485
-0.726448
-0.804841
-0.664604
-0.778649
-0.737290
-0.746371
-0.761822
-0.737269
-0.719215
-0.675747
-0.597375
-0.705072
-0.718635
-0.728681
-0.700229
-0.589972
-0.799672
-0.667712
-0.647754
-0.658235
-0.775745
-0.639900
-0.783861
-0.687039
-0.643965
-0.724593
-0.712576
-0.703314
-0.716032
-0.668481
-0.745584
-0.650425
-0.803277
-0.653961
-0.759562
-0.562551
-0.664258
-0.627946
-0.735022
-1.293393
-0.723447
-0.823949
-0.729422
-0.676459
-0.626121
-0.737485
-0.708678
-0.738425
-0.652349
-0.608464
-0.721993
-0.705551
-0.712187
-0.730704
-0.646629
-0.664224
-0.758016
-0.661900
-0.717489
-0.742038
-0.691345
-0.688598
-0.674930
-0.726395
-0.767828
-0.770158
-0.635357
-0.747216
-0.627939
-0.673161
-0.686458
-0.668139
-0.632738
-0.669682
-0.711481
-0.739321
-0.793959
-0.697266
-0.701765
-0.679442
-0.735983
-0.676591
-0.740132
-0.920924
-0.683802
-0.638617
-0.665935
-0.631542
-0.739763
-0.777472
-0.648744
-0.618832
-0.895554
-0.674638
-0.640908
-0.737628
-0.709286
-0.601970
-0.624296
-0.751737
-0.668170
-0.706042
-0.775722
-0.666648
-0.657866
-0.741024
-0.713465
-0.682603
-0.655378
-0.644611
-0.810897
-0.734925
-0.771413
-0.679975
-0.752749
-0.650054
-0.544333
-0.615718
-0.588746
-0.631330
-0.731492
-0.679574
-0.703939
-0.711559
-0.657623
-0.721824
-0.697937
-0.562574
-0.518929
-0.699401
-0.663371
-0.736671
-0.733032
-0.677417
-0.682109
-0.636894
-0.648358
-0.659176
-0.620463
-0.739148
-0.620799
-0.712138
-0.743143
-0.661784
-0.688482
-0.702757
-0.709728
-0.514566
-0.696585
-0.898088
-0.708525
-0.632294
-0.697551
-0.603099
-0.657494
-0.698702
-0.652570
-0.570266
-0.674685
-0.667959
-0.741003
-0.686916
-0.577228
-0.602451
-0.540830
-0.616412
-0.781162
-0.593679
-0.439874
-0.586892
-0.615193
-0.729982
-0.659798
-0.731035
-0.740468
-0.797957
-0.672640
-0.664930
-0.673547
-0.765381
-0.747724
-0.737241
-0.657146
-0.764191
-0.696649
-0.714775
-0.619088
-0.609053
-0.721230
-0.595951
-0.637932
-0.736164
-0.645388
-0.767165
-0.743996
-0.811244
-0.707337
-0.730499
-0.757940
-0.770135
-0.683298
-0.710976
-0.735056
-0.682788
-0.666935
-0.751790
-0.689920
-0.729246
-0.638963
-0.709044
-0.643778
-0.700463
-0.661898
-0.699097
-0.632772
-0.660542
-0.712625
-0.710304
-0.707062
-0.674858
-0.688211
-0.739430
-0.630904
-0.712211
-0.644338
-0.680129
-0.705050
-0.789367
-0.630775
-0.716212
-0.676575
-0.719926
-0.761371
-0.666449
-0.657524
-0.721281
-0.643995
-0.730481
-0.720603
-0.741136
-0.766572
-0.703021
-0.712140
-0.707490
-0.685428
-0.650780
-0.794817
-0.716460
-0.779150
-0.654702
-0.665426
-0.696414
-0.714768
-0.743949
-0.771013
-0.660304
-0.607824
-0.866565
-0.600512
-0.605916
-0.652082
-0.597982
-0.779808
-0.673069
-0.664451
-0.641063
-0.697439
-0.569030
-0.680553
-0.765479
-0.711407
-0.666359
-0.601479
-0.592829
-0.654417
-0.651034
-0.695357
-0.624176
-0.619107
-0.679355
-0.591967
-0.703765
-0.612700
-0.711862
-0.643310
-0.726832
-0.702358
-0.660596
-0.746722
-0.745683
-0.745863
-0.678294
-0.685583
-0.723970
-0.620918
-0.635403
-0.605621
-0.692204
-0.668457
-0.655509
-0.601833
-0.639406
-0.707333
-0.771539
-0.823431
-0.648677
-0.605439
-0.703079
-0.652109
-0.635727
-0.698825
-0.699981
-0.599970
-0.596124
-0.894036
-0.740318
-0.800378
-0.744864
-0.651092
-0.723794
-0.671349
-0.673005
-0.625055
-1.375904
-0.626802
-0.716802
-0.729156
-0.863131
-0.751543
-0.660828
-0.702975
-0.676782
-0.636140
-0.735573
-0.648597
-0.734251
-0.786841
-0.802352
-0.778236
-0.776231
-0.656509
-0.735771
-0.625702
-0.761240
-0.748555
-0.646863
-0.737352
-0.642942
-0.758010
-0.678974
-0.718987
-0.718058
-0.772509
-0.764455
-0.684997
-0.746237
-0.649874
-0.669865
-0.715509
-0.718419
-0.675081
-0.787554
-0.622666
-0.856401
-0.714144
-0.770688
-0.734933
-0.763140
-0.839283
-0.717199
-0.767229
-0.798421
-0.797267
-0.742741
-0.694138
-0.750013
-0.787405
-0.648929
-0.635054
-0.671270
-0.871938
-0.705737
-0.709259
-0.664589
-0.691765
-0.726760
-0.825711
-0.770611
-0.775747
-0.748305
-0.673622
-0.705039
-0.759189
-0.737562
-0.817474
-0.818486
-0.698105
-0.647119
-0.718949
-0.658814
-0.726937
-0.696905
-0.692426
-0.689344
-0.780291
-0.788975
-0.780994
-0.724722
-0.781222
-0.734067
-0.694898
-0.692305
-0.662849
-0.700804
-0.716197
-0.858610
-0.746360
-0.817298
-0.782723
-0.635366
-0.686950
-0.654275
-0.720750
-0.836245
-0.661324
-0.693588
-0.836784
-0.763043
-0.793496
-0.653355
-0.642410
-0.718656
-0.797974
-0.748531
-0.665132
-0.741515
-0.794471
-0.727143
-0.735388
-0.784950
-0.728911
-0.728776
-0.660060
-0.624390
-0.816788
-0.752666
-0.653170
-0.693347
-0.674273
-0.718951
-0.789073
-0.727030
-0.735439
-0.818763
-0.633796
-0.665854
-0.742890
-0.700761
-0.669006
-0.755634
-1.129229
-0.779282
-0.800734
-0.612164
-0.729470
-0.681100
-0.692503
-0.717381
-0.709229
-0.695304
-0.819445
-0.627821
-0.697650
-0.606495
-0.768108
-0.787290
-0.667143
-0.585177
-0.713576
-0.793655
-0.714638
-0.750026
-1.093564
-0.742336
-0.791274
-0.725960
-0.769227
-0.652968
-0.755222
-0.670407
-0.690780
-0.694297
-0.739015
-0.664834
-0.700034
-0.725706
-0.682001
-1.069571
-0.712695
-0.711789
-0.691461
-0.785179
-0.734012
-0.730922
-0.743029
-0.621004
-0.709943
-0.751542
-0.784447
-0.770085
-0.687388
-0.713863
-0.481306
-0.640850
-0.721508
-0.705878
-0.658821
-0.708081
-0.654948
-0.756514
-0.692422
-0.683859
-0.769557
-0.589791
-0.681745
-0.928017
-0.803525
-0.682411
-0.648077
-0.564729
-0.808130
-0.644721
-0.739161
-0.634445
-0.674814
-0.559258
-0.529765
-0.765892
-0.630454
-0.668488
-0.854529
-0.665439
-0.641843
-0.671976
-0.595664
-0.715217
-0.688802
-0.735805
-0.592486
-0.652838
-0.699537
-0.633467
-0.644555
-0.694136
-0.647018
-0.686946
-0.703484
-0.734305
-0.611954
-0.697288
-0.680415
-0.629968
-0.651594
-0.672923
-0.853234
-0.731902
-0.663570
-0.742288
-0.722281
-0.690338
-0.616942
-0.624240
-0.642753
-0.632426
-0.776767
-0.692056
-0.664580
-0.838550
-0.740571
-0.872625
-0.654727
-0.711052
-0.636095
-0.670526
-0.619695
-0.660526
-0.762019
-0.598757
-0.835255
-0.629534
-0.554815
-0.685601
-0.733151
-0.642176
-0.735565
-0.695315
-0.668226
-0.752914
-0.703136
-0.686023
-0.689926
-0.699381
-0.659290
-0.626739
-0.685320
-0.655983
-0.617560
-0.654096
-0.663553
-0.743341
-0.697487
-0.574596
-0.689966
-0.659018
-0.816494
-0.507018
-0.662732
-0.584249
-0.603502
-0.773292
-0.717030
-0.630739
-0.642879
-0.716403
-0.734602
-0.667781
-0.642907
-0.718813
-0.761793
-0.604955
-0.627082
-0.723846
-0.730858
-0.618008
-0.801933
-0.713301
-0.721385
-0.562978
-0.684838
-0.675589
-0.704275
-0.649234
-0.758901
-0.701324
-0.770164
-0.669935
-0.619446
-0.557285
-0.697781
-0.619139
-0.807003
-0.656887
-0.855404
-0.643327
-0.618784
-0.645287
-0.723412
-0.698122
-0.530906
-0.670486
-0.697203
-0.643201
-0.753384
-0.948511
-0.716854
-0.705532
-0.713060
-0.725765
-0.700224
-0.722909
-0.768016
-0.694410
-0.791887
-0.751010
-0.734968
-0.625858
-0.617661
-0.676612
-0.715702
-0.709457
-0.765429
-0.742268
-0.717922
-0.836480
-0.656070
-0.693976
-0.577135
-0.694455
-0.771270
-0.761423
-0.704193
-0.763731
-0.713194
-0.739232
-0.652966
-0.621900
-0.672644
-0.708871
-0.790082
-0.740044
-0.660894
-0.700659
-0.671313
-0.758050
-0.696435
-0.716412
-0.517925
-0.804914
-0.640959
-0.595711
-0.623064
-0.752259
-0.631771
-0.718673
-0.621233
-0.536900
-0.649761
-0.694146
-0.706699
-0.772450
-0.690071
-0.648578
-0.631010
-0.688976
-0.667912
-0.586955
-0.646013
-0.816947
-0.673205
-0.734034
-0.743252
-0.745584
-0.629274
-0.737916
-0.666276
-0.675535
-0.438889
-0.660560
-0.624590
-0.763173
-0.649732
-0.716410
-0.687028
-0.696711
-0.669702
-0.568020
-0.710390
-0.691119
-0.694059
-0.728457
-0.628787
-0.577123
-0.653919
-0.735191
-0.743311
-0.668514
-0.676672
-0.658809
-0.560132
-0.628926
-0.640335
-0.685744
-0.622058
-0.643593
-0.738627
-0.655393
-0.732860
-0.682771
-0.719620
-0.705122
-0.784207
-0.625761
-0.703167
-0.628974
-0.616418
-0.683870
-0.513840
-0.721987
-0.743688
-0.615562
-0.685383
-0.789168
-0.693004
-0.707660
-0.694147
-0.702620
-0.604414
-0.793449
-0.779839
-0.775536
-0.751151
-0.743407
-0.750230
-0.780133
-0.757470
-0.224312
-0.687459
-0.735306
-0.763872
-0.699471
-0.632939
-0.599351
-0.665625
-0.614552
-0.761199
-0.670598
-0.741514
-0.642939
-0.686976
-0.755374
-0.737003
-0.687786
-0.690488
-0.784960
-0.699406
-0.735243
-0.714238
-0.858589
-0.678661
-0.656268
-0.741132
-0.700651
-0.657726
-0.662624
-0.714822
-0.787145
-0.741691
-0.740354
-0.624621
-0.739957
-0.726456
-0.686028
-0.869780
-0.733088
-0.702803
-0.760721
-0.631568
-0.690758
-0.811190
-0.716948
-0.652270
-0.692778
-0.755029
-0.647150
-0.670159
-0.750963
-0.613545
-0.785559
-0.674445
-0.665622
-0.668956
-0.847451
-0.729297
-0.795320
-0.732919
-0.741998
-0.787358
-0.708577
-0.776796
-0.662345
-0.759347
-0.801998
-1.034767
-0.706292
-0.682293
-0.774995
-0.738641
-0.772613
-0.740935
-0.768973
-0.678767
-0.708530
-0.804564
-0.769683
-0.610318
-0.732059
-0.661131
-0.783694
-0.752854
-0.710342
-0.728970
-0.663782
-0.782166
-0.691080
-0.765527
-0.709935
-0.785722
-0.704438
-0.734881
-0.765980
-0.799612
-0.747224
-0.679519
-0.709561
-0.764010
-0.733765
-0.805301
-0.757730
-0.752847
-0.703013
-0.710357
-0.717362
-0.801679
-0.712377
-0.673027
-0.582760
-0.746726
-0.766713
-0.695965
-0.679972
-0.615435
-0.597364
-0.619448
-0.662282
-0.747620
-0.728842
-0.730605
-0.676826
-0.283767
-0.636713
-0.680317
-0.648235
-0.640988
-0.734847
-0.663135
-0.656645
-0.684396
-0.685884
-0.709352
-0.671891
-0.761059
-0.748397
-0.774261
-0.667189
-0.599664
-0.680688
-0.766870
-0.678206
-0.746464
-0.742942
-0.771992
-0.721401
-0.761637
-0.665823
-0.728227
-0.656328
-0.710356
-0.676939
-0.794700
-0.631649
-0.755705
-0.772053
-0.718352
-0.780490
-0.733794
-0.728356
-0.822853
-0.646873
-0.759444
-0.705313
-0.702098
-0.642371
-0.766527
-0.678902
-0.728366
-0.680056
-0.710924
-0.611979
-0.651734
-0.689361
-0.723292
-1.049551
-0.753131
-0.710910
-0.539654
-0.667380
-0.639042
-0.788255
-0.928032
-0.767496
-0.695801
-0.653049
-0.740958
-0.678903
-0.734556
-0.728892
-0.705919
-0.697896
-0.696198
-0.680208
-0.699872
-0.677336
-0.736763
-0.606361
-0.639604
-0.658887
-0.709699
-0.742099
-0.675108
-0.614327
-0.697027
-0.735754
-0.701739
-0.746043
-0.637428
-0.634776
-0.579206
-0.675590
-0.630462
-0.664497
-0.652361
-0.589452
-0.822383
-0.770364
-0.802370
-0.670429
-0.631139
-0.777865
-0.772009
-0.562893
-0.708836
-0.656091
-0.632892
-1.164688
-0.725320
-0.743772
-0.765642
-0.709062
-0.689328
-0.656280
-0.578854
-0.631749
-0.695237
-0.741850
-0.585433
-0.812805
-0.766691
-0.750179
-0.752569
-0.702156
-0.711876
-0.700491
-0.692692
-0.528911
-0.606194
-0.646371
-0.605941
-0.815333
-0.624147
-0.696799
-0.686429
-0.834902
-0.768714
-0.606437
-0.645490
-0.725847
-0.815580
-0.764628
-0.851940
-0.683548
-0.733426
-0.715683
-0.647330
-0.648683
-0.768646
-0.666461
-0.730523
-0.633866
-0.704156
-0.724426
-0.774984
-0.743734
-0.602609
-0.753649
-0.775645
-0.608746
-0.712341
-0.652337
-1.080271
-0.737571
-0.742918
-0.678735
-0.591484
-0.660161
-0.637839
-0.634635
-0.813309
-0.675751
-0.750285
-0.765526
-0.675726
-0.670993
-0.581953
-0.654409
-0.781960
-0.712470
-0.737335
-0.746094
-0.647154
-0.671794
-0.666596
-0.704746
-0.734468
-0.695635
-0.684670
-0.786621
-0.660095
-0.558258
-0.699084
-0.781833
-0.717532
-0.733832
-0.634149
-0.712638
-0.602112
-0.658130
-0.652427
-0.631767
-0.652141
-0.644511
-0.641908
-0.620054
-0.681343
-0.611664
-0.677166
-0.653944
-0.732428
-0.643724
-0.629180
-0.712507
-0.025337
-0.690768
-0.984452
-0.656116
-0.799458
-0.642126
-0.657009
-0.714323
-0.787889
-0.700364
-0.655439
-0.734326
-0.767576
-0.701544
-0.650473
-0.666095
-0.701943
-0.744495
-0.677691
-0.626580
-0.646455
-0.559719
-0.589200
-0.739994
-0.745407
-0.767111
-0.675886
-0.701774
-0.758681
-0.674155
-0.691453
-0.707901
-0.629555
-0.647958
-0.619159
-0.762352
-0.717702
-0.674293
-0.771056
-0.630006
-0.759390
-0.689520
-0.674896
-0.714683
-0.659130
-0.691911
-0.805980
-0.722060
-0.698318
-0.709030
-0.745795
-0.737268
-0.690056
-0.725872
-0.827864
-0.699214
-0.722203
-0.603955
-0.716453
-0.770299
-0.701478
-0.735028
-0.723727
-0.749657
-0.716538
-0.654356
-0.670002
-0.701986
-0.726209
-0.772661
-0.707275
-0.559015
-0.686672
-0.696800
-0.744027
-0.692480
-0.729592
-0.816872
-0.715615
-0.733718
-0.779098
-0.730463
-0.750469
-0.768092
-0.604013
-0.752284
-0.707243
-0.687542
-0.764673
-0.699360
-0.710770
-0.672653
-0.708938
-0.673978
-0.694394
-0.662044
-0.881022
-0.655245
-0.616252
-0.779923
-0.617985
-0.643932
-0.633279
-0.575384
-0.739229
-0.613123
-0.681099
-0.666212
-0.647701
-0.719723
-0.768923
-0.692894
-0.669984
-0.689672
-0.616889
-0.756350
-0.580022
-0.675973
-0.673807
-0.469564
-0.663105
-0.719436
-0.730048
-0.711575
-0.757388
-0.643007
-0.691864
-0.513931
-0.716719
-0.651901
-0.667380
-0.684026
-0.673864
-0.744637
-0.660275
-0.746458
-0.598492
-0.462541
-0.679573
-0.678565
-0.710495
-0.688330
-0.692651
-0.594889
-0.690502
-0.692969
-0.703931
-0.586146
-0.636788
-0.538280
-0.661282
-0.712227
-0.781308
-0.700692
-0.700827
-0.634060
-0.690753
-0.707142
-0.624949
-0.737013
-0.729173
-0.806529
-0.697754
-0.696136
-0.754350
-0.630015
-0.664677
-0.552654
-0.659502
-0.882581
