0	0.047310
1	0.063110
2	0.008497
3	0.006928
4	0.006539
5	0.005450
6	0.005364
7	0.004672
8	0.004586
9	0.004794
10	0.004417
11	0.003895
12	0.003220
13	0.003163
14	0.002843
15	0.003291
16	0.002758
17	0.002587
18	0.002362
19	0.002675
20	0.002469
21	0.002747
22	0.002013
23	0.001997
24	0.001757
25	0.002105
26	0.001970
27	0.002246
28	0.001714
29	0.001713
30	0.002123
31	0.001734
32	0.001612
33	0.001727
34	0.001628
35	0.001464
36	0.001767
37	0.001914
38	0.001470
39	0.001802
40	0.001582
41	0.001299
42	0.001348
43	0.001424
44	0.001508
45	0.001285
46	0.001173
47	0.001349
48	0.001310
49	0.001295
50	0.001199
51	0.001145
52	0.001395
53	0.001270
54	0.001225
55	0.001090
56	0.001067
57	0.001113
58	0.001366
59	0.001028
60	0.001103
61	0.000930
62	0.001210
63	0.001008
64	0.001124
65	0.001230
66	0.001045
67	0.001193
68	0.000927
69	0.000962
70	0.001129
71	0.001021
72	0.001031
73	0.001110
74	0.000869
75	0.000870
76	0.001204
77	0.001133
78	0.000957
79	0.000830
80	0.000933
81	0.000818
82	0.001104
83	0.000822
84	0.000720
85	0.000740
86	0.000740
87	0.000816
88	0.000936
89	0.000989
90	0.000987
91	0.000914
92	0.000848
93	0.001352
94	0.000792
95	0.000867
96	0.000740
97	0.000901
98	0.000764
99	0.001001
100	0.000815
101	0.001201
102	0.001027
103	0.000770
104	0.000806
105	0.000679
106	0.000794
107	0.001250
108	0.000864
109	0.000878
110	0.000801
111	0.000785
112	0.000872
113	0.001024
114	0.001059
115	0.001113
116	0.000897
117	0.000893
118	0.000837
119	0.000674
120	0.000535
121	0.000644
122	0.000668
123	0.000614
124	0.000755
125	0.001550
126	0.000700
127	0.000721
128	0.000793
129	0.001007
130	0.000738
131	0.000742
132	0.000759
133	0.000698
134	0.000662
135	0.000689
136	0.000540
137	0.000718
138	0.000644
139	0.000512
140	0.000656
141	0.000693
142	0.000607
143	0.000895
144	0.000615
145	0.000732
146	0.000589
147	0.000655
148	0.001343
149	0.000812
150	0.000770
151	0.000687
152	0.000605
153	0.001082
154	0.000413
155	0.000927
156	0.000915
157	0.000924
158	0.000452
159	0.000866
160	0.000765
161	0.000951
162	0.000746
163	0.000777
164	0.000678
165	0.000858
166	0.000606
167	0.000605
168	0.000956
169	0.001374
170	0.000519
171	0.000867
172	0.001602
173	0.002651
174	0.000521
175	0.000619
176	0.000549
177	0.001107
178	0.000606
179	0.001018
180	0.000663
181	0.000435
182	0.000583
183	0.000834
184	0.000855
185	0.000650
186	0.001447
187	0.000598
188	0.000902
189	0.000349
190	0.001166
191	0.000379
192	0.000877
193	0.000241
