0.022980
0.015449
0.019926
0.022547
0.012017
0.010476
0.013708
0.018943
0.017934
0.009642
0.011932
0.022878
0.012182
0.014232
0.017230
0.016581
0.012212
0.013494
0.020606
0.017825
0.012082
0.017480
0.021539
0.010802
0.028538
0.018232
0.023635
0.019081
0.019506
0.019629
0.022861
0.011071
0.021960
0.022086
0.020375
0.053797
0.019868
0.019158
0.024555
0.012506
0.017600
0.013995
0.015556
0.021258
0.016217
0.010698
0.015104
0.014746
0.023511
0.025983
0.011306
0.016458
0.018667
0.022868
0.015960
0.015525
0.016830
0.016724
0.013923
0.018698
0.022231
0.017821
0.017934
0.011234
0.013704
0.028473
0.022942
0.018327
0.012968
0.019203
0.015602
0.012868
0.014484
0.019713
0.016001
0.018655
0.014102
0.019264
0.013558
0.012656
0.015760
0.013846
0.011983
0.019368
0.019884
0.013832
0.015629
0.018082
0.014115
0.026312
0.013662
0.013140
0.012550
0.018879
0.011857
0.015639
0.017172
0.014791
0.018049
0.016961
0.025055
0.020628
0.013702
0.014614
0.017688
0.018242
0.017828
0.021645
0.013921
0.015023
0.023516
0.012463
0.019692
0.018153
0.018158
0.017841
0.017905
0.021670
0.018078
0.019290
0.021725
0.022588
0.014684
0.016101
0.021928
0.023589
0.010318
0.020205
0.025181
0.017769
0.020620
0.028179
0.022744
0.014145
0.017715
0.016094
0.020814
0.014867
0.014723
0.024487
0.013728
0.020248
0.011721
0.016095
0.012684
0.021131
0.027929
0.021379
0.024407
0.016362
0.022497
0.016426
0.018558
0.015866
0.015064
0.024580
0.015515
0.018581
0.017506
0.018640
0.019221
0.026965
0.008196
0.019676
0.013453
0.021568
0.017034
0.015180
0.020042
0.010120
0.017949
0.023411
0.017705
0.022365
0.011567
0.013431
0.022471
0.014718
0.020384
0.011641
0.018133
0.016709
0.019094
0.017368
0.016175
0.016106
0.015193
0.016389
0.022693
0.018733
0.012595
0.023157
0.022083
0.017934
0.020569
0.028074
0.016665
0.039296
0.028067
0.027757
0.011350
0.014841
0.013990
0.018951
0.022029
0.025772
0.017262
0.019413
0.013152
0.019778
0.016542
0.019804
0.015079
0.010237
0.026731
0.017320
0.015375
0.017431
0.019494
0.020339
0.016501
0.025644
0.015909
0.020558
0.012497
0.017022
0.018928
0.017521
0.022466
0.021483
0.024584
0.021401
0.021654
0.027342
0.018160
0.012702
0.017913
0.011918
0.027443
0.012582
0.018505
0.017318
0.014544
0.016661
0.017787
0.013442
0.014713
0.022665
0.024294
0.020137
0.017544
0.015823
0.016452
0.017438
0.020794
0.015942
0.017211
0.012173
0.025532
0.016096
0.021704
0.016900
0.014614
0.012886
0.012467
0.016135
0.014314
0.017186
0.021360
0.013667
0.019344
0.016188
0.015379
0.010135
0.016594
0.014166
0.019688
0.029268
0.014576
0.017362
0.017812
0.013520
0.020542
0.017465
0.013749
0.013126
0.015670
0.020110
0.011905
0.017323
0.018422
0.014431
0.021417
0.019030
0.018787
0.014850
0.015367
0.017200
0.034643
0.018332
0.022801
0.016214
0.019644
0.014709
0.022068
0.015078
0.017147
0.018536
0.019486
0.017574
0.013183
0.018329
0.016013
0.019291
0.017832
0.017083
0.015344
0.016845
0.016165
0.021548
0.017875
0.016679
0.017780
0.019282
0.020073
0.016979
0.021953
0.023684
0.012543
0.019674
0.015714
0.015178
0.014812
0.014412
0.015169
0.016503
0.015345
0.016331
0.014080
0.018463
0.019281
0.019583
0.016887
0.032872
0.017097
0.017230
0.017623
0.016261
0.014789
0.014485
0.012942
0.017318
0.012868
0.015589
0.019391
0.009645
0.011324
0.013654
0.016085
0.016009
0.024339
0.015184
0.016203
0.021660
0.013546
0.017858
0.013893
0.020861
0.016497
0.019211
0.023698
0.020077
0.011611
0.026383
0.011794
0.012341
0.014042
0.015601
0.015009
0.027340
0.015640
0.018391
0.019435
0.026110
0.021609
0.023301
0.013015
0.014980
0.017304
0.017474
0.026115
0.015811
0.014284
0.018657
0.014717
0.023322
0.019954
0.013987
0.011840
0.014665
0.015691
0.013917
0.012459
0.025556
0.011785
0.015992
0.019916
0.025478
0.013424
0.015727
0.013946
0.013825
0.015922
0.016671
0.016739
0.022921
0.015427
0.018717
0.013396
0.020151
0.011596
0.020908
0.023771
0.016648
0.014272
0.015211
0.016178
0.012253
0.022287
0.031527
0.014315
0.023011
0.014574
0.017000
0.017367
0.021347
0.014593
0.014850
0.026224
0.017343
0.025271
0.016598
0.021632
0.015416
0.020143
0.037601
0.024299
0.025073
0.020355
0.020805
0.019733
0.031920
0.018806
0.015696
0.022995
0.028305
0.019501
0.015518
0.023053
0.017476
0.013711
0.017201
0.016122
0.024872
0.013854
0.012191
0.017348
0.021201
0.014900
0.021387
0.019041
0.014691
0.017224
0.012966
0.016735
0.034537
0.035492
0.015971
0.022168
0.020912
0.021493
0.018669
0.021392
0.018603
0.020802
0.018871
0.024258
0.017856
0.017531
0.023391
0.024070
0.020019
0.031509
0.011226
0.012113
0.016373
0.032714
0.015207
0.016403
0.022715
0.015843
0.019694
0.017149
0.014206
0.020215
0.018027
0.013003
0.016690
0.015459
0.015911
0.015182
0.020050
0.018653
0.007203
0.016652
0.021601
0.016628
0.023792
0.017089
0.022852
0.016431
0.016248
0.021154
0.018967
0.014227
0.016251
0.018886
0.015151
0.014262
0.014342
0.014637
0.023085
0.011038
0.014646
0.015978
0.002709
0.016240
0.022811
0.015903
0.028626
0.022057
0.016584
0.013260
0.012190
0.016207
0.018081
0.017222
0.017489
0.012164
0.018982
0.014436
0.015008
0.017210
0.031480
0.015639
0.018117
0.012326
0.017052
0.010960
0.016789
0.009369
0.018894
0.016551
0.021504
0.010668
0.014026
0.015015
0.016336
0.022226
0.019942
0.018838
0.017522
0.013443
0.016861
0.015412
0.012141
0.012458
0.022104
0.015222
0.015749
0.015174
0.014597
0.016704
0.012348
0.012952
0.014002
0.013909
0.020594
0.025198
0.017918
0.017980
0.021270
0.020482
0.014301
0.013779
0.021510
0.016499
0.015579
0.015893
0.014754
0.012975
0.015270
0.018344
0.006639
0.011963
0.011868
0.014366
0.015664
0.014428
0.016723
0.023516
0.017592
0.015846
0.018258
0.013168
0.016508
0.013433
0.015283
0.015767
0.041482
0.016296
0.013340
0.019356
0.015837
0.015586
0.013287
0.014559
0.021749
0.016511
0.018913
0.019414
0.019117
0.017856
0.014213
0.015222
0.015055
0.016005
0.014585
0.021310
0.011062
0.016040
0.013228
0.023787
0.015856
0.018047
0.016529
0.014578
0.014246
0.014265
0.016719
0.011576
0.011467
0.014773
0.013948
0.019912
0.016271
0.019279
0.015401
0.015183
0.014547
0.016668
0.019310
0.020648
0.024128
0.017647
0.011404
0.016171
0.016996
0.016106
0.014238
0.021001
0.015122
0.013596
0.015581
0.013021
0.012736
0.028831
0.016664
0.009278
0.018118
0.014636
0.014413
0.013146
0.016343
0.023385
0.018596
0.018708
0.021303
0.016880
0.013972
0.013332
0.015374
0.018417
0.013012
0.014624
0.026424
0.013736
0.016333
0.012451
0.012694
0.015626
0.015970
0.014590
0.013643
0.020578
0.015293
0.011347
0.016958
0.018141
0.016751
0.015850
0.014656
0.016552
0.023810
0.015432
0.022253
0.018484
0.016602
0.020939
0.018094
0.014099
0.015675
0.012970
0.016417
0.016433
0.017549
0.016434
0.016795
0.022551
0.015327
0.018546
0.020836
0.018282
0.010359
0.015039
0.015927
0.010613
0.015732
0.018113
0.014461
0.016309
0.017886
0.014996
0.015836
0.021416
0.016864
0.015074
0.021198
0.011468
0.014905
0.019009
0.011787
0.012377
0.017337
0.023389
0.023268
0.031018
0.019227
0.021496
0.020687
0.014786
0.013827
0.018356
0.017847
0.016886
0.015156
0.016384
0.014827
0.015043
0.014174
0.011131
0.017404
0.015232
0.014182
0.015677
0.016317
0.012789
0.019303
0.014501
0.014988
0.012688
0.021011
0.013719
0.012435
0.015404
0.016372
0.013398
0.015944
0.012652
0.016545
0.022371
0.018133
0.021665
0.015694
0.016420
0.015490
0.026177
0.014954
0.020219
0.020313
0.020567
0.015087
0.015357
0.016242
0.023549
0.013212
0.016656
0.016968
0.012022
0.022799
0.015809
0.014393
0.016400
0.015641
0.023693
0.014270
0.018619
0.022398
0.018971
0.019381
0.015984
0.013435
0.014757
0.021590
0.021368
0.030858
0.020276
0.012077
0.013291
0.013803
0.013914
0.015989
0.015193
0.018469
0.021102
0.015629
0.012689
0.014447
0.016283
0.017391
0.014237
0.020447
0.024869
0.020717
0.018847
0.015273
0.016162
0.018563
0.016314
0.011886
0.015143
0.021484
0.016672
0.011732
0.013773
0.014408
0.014444
0.011003
0.014222
0.015778
0.017261
0.012679
0.019176
0.011778
0.012082
0.011910
0.016409
0.015854
0.016630
0.014986
0.013620
0.017148
0.015618
0.016520
0.016352
0.015876
0.018984
0.019563
0.010953
0.015050
0.017242
0.015992
0.018568
0.022752
0.019032
0.015471
0.016021
0.019678
0.015178
0.015200
0.015861
0.018490
0.021400
0.022371
0.013192
0.016220
0.016908
0.025092
0.014025
0.018330
0.013244
0.021897
0.013382
0.016858
0.029592
0.015333
0.012824
0.012406
0.018230
0.011680
0.014216
0.015949
0.019428
0.012562
0.017786
0.018018
0.020736
0.020355
0.025297
0.024185
0.020908
0.013037
0.024375
0.016458
0.015075
0.016931
0.019675
0.023909
0.021541
0.011965
0.017236
0.019326
0.024691
0.020020
0.013316
0.018431
0.015114
0.017247
0.012606
0.012256
0.015219
0.023341
0.014544
0.015738
0.016137
0.015624
0.013695
0.024357
0.015471
0.011419
0.017612
0.016248
0.012439
0.013238
0.019220
0.014815
0.014028
0.017982
0.022530
0.019007
0.042148
0.016877
0.022055
0.015714
0.050061
0.012886
0.013342
0.012153
0.014114
0.022568
0.016864
0.014492
0.016178
0.017729
0.015749
0.022257
0.019790
0.012103
0.016766
0.017210
0.013290
0.018635
0.019556
0.017466
0.015511
0.014750
0.019704
0.017587
0.022339
0.017782
0.014734
0.015793
0.020157
0.016825
0.014375
0.019287
0.021366
0.013480
0.018195
0.014845
0.026526
0.024995
0.015736
0.014497
0.022659
0.021526
0.022676
0.018245
0.024084
0.019363
0.018835
0.012723
0.020812
0.017556
0.017544
0.014191
0.014444
0.015675
0.013395
0.017954
0.026113
0.017109
0.017429
0.014310
0.011165
0.018743
0.016244
0.024713
0.014758
0.018527
0.012194
0.016446
0.016593
0.016132
0.008883
0.018581
0.020344
0.016851
0.013965
0.014490
0.014894
0.021213
0.013989
0.024213
0.019238
0.016209
0.018447
0.016707
0.026396
0.014950
0.020428
0.022848
0.020820
0.024914
0.022283
0.010707
0.012918
0.011295
0.012398
0.017453
0.019090
0.019142
0.012466
0.024287
0.019691
0.013823
0.016985
0.029201
0.015879
0.021019
0.014151
0.011919
0.020175
0.014567
0.019244
0.014894
0.017100
0.013774
0.014712
0.015331
0.017719
0.016259
0.017395
0.013138
0.017912
0.035189
0.013680
0.016071
0.024776
0.027907
0.012246
0.018310
0.014443
0.009829
0.031749
0.015513
0.022530
0.017067
0.020126
0.018769
0.019117
0.014349
0.015678
0.030487
0.012056
0.018232
0.017950
0.033858
0.017686
0.019598
0.021051
0.015301
0.016632
0.017064
0.017549
0.019189
0.016581
0.017249
0.019813
0.017703
0.020552
0.016349
0.015815
0.019105
0.012052
0.013489
0.011262
0.013277
0.013690
0.011875
0.015130
0.013574
0.016532
0.016932
0.016083
0.018029
0.013024
0.017445
0.016478
0.016717
0.016479
0.017583
0.019642
0.016942
0.017801
0.016242
0.017085
0.015458
0.017135
0.017053
0.021640
0.015919
0.016765
0.020319
0.022059
0.019285
0.023610
0.014347
0.020672
0.015505
0.010867
0.012303
0.013126
0.010331
0.020534
0.015415
0.014722
0.016585
0.022956
0.011788
0.011414
0.011020
0.014741
0.016732
0.021862
0.015217
0.013996
0.013932
0.014688
0.011825
0.013289
0.016756
0.019870
0.015902
0.024911
0.022013
0.018989
0.014876
0.015785
0.014935
0.016921
0.014052
0.016101
0.015307
0.015236
0.014304
0.007387
0.011425
0.013324
0.020586
0.020420
0.011571
0.016429
0.014126
0.028421
0.015974
0.015924
0.015529
0.017422
0.014888
0.011619
0.015354
0.015546
0.016580
0.019981
0.016475
0.012956
0.012221
0.013828
0.013482
0.017782
0.022079
0.014153
0.019590
0.020006
0.017351
0.013280
0.013836
0.018246
0.012889
0.019486
0.024478
0.014653
0.021845
0.013383
0.015753
0.013213
0.015632
0.017119
0.016477
0.012576
0.017026
0.015606
0.021151
0.012828
0.023743
0.045467
0.021078
0.015728
0.015022
0.017801
0.019073
0.018063
0.016383
0.015287
0.016999
0.015004
0.016459
0.012791
0.018240
0.019421
0.017015
0.015532
0.015906
0.020120
0.039894
0.010611
0.024385
0.018252
0.024654
0.017652
0.020495
0.020567
0.015131
0.013341
0.014564
0.015083
0.019465
0.021253
0.017000
0.022254
0.017051
0.008482
0.028937
0.014841
0.020275
0.019430
0.021526
0.020111
0.011590
0.019509
0.013675
0.016898
0.020048
0.014374
0.014532
0.017106
0.022420
0.023486
0.014701
0.014474
0.019058
0.017555
0.015268
0.016502
0.010477
0.019251
0.013489
0.014338
0.013124
0.019030
0.012018
0.014650
0.015205
0.016243
0.015705
0.012247
0.019141
0.013781
0.015493
0.015331
0.015237
0.014457
0.020150
0.026171
0.014947
0.016039
0.015911
0.020074
0.005215
0.026210
0.013499
0.027042
0.013177
0.017525
0.012487
0.015292
0.016184
0.013010
0.016647
0.016908
0.015115
0.014160
0.017538
0.017412
0.014731
0.018778
0.015072
0.024058
0.018835
0.014959
0.011795
0.018006
0.012390
0.014148
0.019026
0.017296
0.022436
0.027693
0.014953
0.017467
0.015544
0.015490
0.016053
0.012130
0.022703
0.015894
0.014520
0.019395
0.018836
0.010741
0.013697
0.021716
0.013906
0.018469
0.011776
0.016072
0.022877
0.023692
0.012150
0.019185
0.012700
0.022257
0.024429
0.015198
0.013795
0.015003
0.021479
0.021798
0.019042
0.015385
0.016464
0.015491
0.019215
0.016515
0.014578
0.039363
0.015565
0.011301
0.017895
0.019252
0.019533
0.018799
0.016792
0.018244
0.018277
0.017833
0.013570
0.011047
0.015901
0.011047
0.013554
0.021781
0.018219
0.020944
0.020535
0.017802
0.014533
0.017423
0.023218
0.012361
0.011912
0.013094
0.018849
0.019299
0.014201
0.020054
0.012448
0.014795
0.016202
0.014842
0.012914
0.015458
0.019133
0.018684
0.021351
0.027111
0.023338
0.018483
0.013043
0.014815
0.010750
0.015556
0.017100
0.021270
0.020531
0.020914
0.015940
0.018232
0.016901
0.021031
0.019731
0.014150
0.018917
0.016285
0.016173
0.021799
0.023154
0.019994
0.015290
0.014247
0.014188
0.022627
0.018131
0.023642
0.020130
0.013612
0.018535
0.012642
0.013971
0.016478
0.030660
0.014140
0.021461
0.013981
0.016008
0.014449
0.016461
0.015329
0.017722
0.011959
0.009469
0.013801
0.010101
0.017081
0.019353
0.018180
0.017716
0.015908
0.025188
0.017321
0.017411
0.017047
0.015216
0.017162
0.025211
0.014597
0.020036
0.020804
0.019471
0.015201
0.021445
0.013681
0.013000
0.013254
0.026093
0.024793
0.016256
0.018656
0.021130
0.014411
0.012313
0.016481
0.016045
0.024622
0.012464
0.025752
0.017016
0.017945
0.018739
0.020035
0.019723
0.019480
0.020041
0.021466
0.012437
0.016525
0.021322
0.017578
0.021845
0.013967
0.013641
0.013930
0.015324
0.011469
0.015783
0.024644
0.012211
0.016985
0.018422
0.014531
0.018860
0.014974
0.026688
0.016999
0.017361
0.021286
0.018449
0.020311
0.012731
0.013653
0.015595
0.013869
0.013927
0.014998
0.014904
0.024738
0.018384
0.019523
0.016131
0.020910
0.014480
0.015437
0.016981
0.017451
0.013346
0.017297
0.022135
0.019522
0.018825
0.016174
0.022859
0.025179
0.014684
0.012749
0.016007
0.015628
0.016776
0.016998
0.013378
0.016622
0.020111
0.014290
0.015535
0.019372
0.015548
0.018563
0.015279
0.018628
0.016400
0.017313
0.017605
0.016616
0.015989
0.017270
0.014104
0.017196
0.016753
0.019237
0.014673
0.017802
0.016580
0.016330
0.018030
0.018352
0.022949
0.014111
0.014219
0.017031
0.020471
0.017233
0.012344
0.014059
0.017067
0.018529
0.019282
0.014379
0.018361
0.021730
0.019226
0.015516
0.012590
0.015072
0.017422
0.016941
0.033096
0.013534
0.017134
0.022570
0.026143
0.017095
0.016720
0.015165
0.016525
0.018920
0.019831
0.013637
0.017284
0.018021
0.016512
0.020378
0.015070
0.022143
0.014322
0.017283
0.017011
0.014154
0.015061
0.013882
0.019466
0.018374
0.022172
0.015071
0.016390
0.014872
0.017655
0.027696
0.021670
0.018309
0.017788
0.020637
0.023079
0.017307
0.018143
0.029161
0.021111
0.025110
0.022214
0.017489
0.023967
0.016840
0.027341
0.020010
0.019166
0.014919
0.026497
0.016562
0.012098
0.014210
0.021690
0.019307
0.016903
0.014446
0.021590
0.016127
0.018218
0.016565
0.024953
0.025070
0.022550
0.017329
0.022796
0.016809
0.014363
0.017599
0.021917
0.014439
0.014836
0.018908
0.027394
0.017828
0.012361
0.023321
0.018086
0.020901
0.018889
0.010340
0.017314
0.020297
0.018721
0.023619
0.015470
0.017354
0.014401
0.015678
0.014871
0.013655
0.012656
0.012641
0.013829
0.018820
0.014779
0.014221
0.017304
0.014551
0.014193
0.016185
0.021984
0.011882
0.015350
0.015834
0.015744
0.015936
0.018664
0.011536
0.016342
0.018327
0.018207
0.015238
0.011154
0.015327
0.012490
0.013144
0.013163
0.017442
0.021799
0.020152
0.019187
0.014182
0.013502
0.012638
0.013661
0.013740
0.020723
0.018545
0.021747
0.017361
0.024813
0.017356
0.020729
0.014756
0.015184
0.013600
0.017907
0.017125
0.024319
0.016661
0.018795
0.013962
0.017906
0.015998
0.016438
0.018779
0.019088
0.023122
0.017321
0.022942
0.014330
0.012270
0.022656
0.014949
0.017903
0.015310
0.018918
0.010410
0.019242
0.010819
0.015938
0.013721
0.017286
0.017454
0.017886
0.014440
0.012881
0.022220
0.015593
0.013416
0.017412
0.021679
0.012899
0.013349
0.016166
0.017464
0.019671
0.019255
0.014330
0.012557
0.019887
0.020244
0.019323
0.018557
0.017004
0.015085
0.018482
0.012014
0.017315
0.017202
0.018685
0.019510
0.020122
0.019427
0.022216
0.022950
0.019341
0.017076
0.016642
0.017575
0.017155
0.025670
0.018834
0.023933
0.025898
0.017536
0.016508
0.013588
0.012667
0.014024
0.015534
0.018641
0.018970
0.020580
0.018631
0.014160
0.017784
0.020165
0.025801
0.020280
0.018276
0.015271
0.014766
0.016545
0.011795
0.013379
0.021401
0.014493
0.019488
0.015122
0.011210
0.012571
0.018297
0.019791
0.013773
0.025390
0.012439
0.019894
0.023929
0.014746
0.018337
0.018497
0.017404
0.015336
0.017625
0.017543
0.016302
0.014871
0.015563
0.018745
0.021247
0.013131
0.018850
0.014293
0.018398
0.016528
0.022701
0.014641
0.015560
0.028514
0.015565
0.014910
0.014443
0.016855
0.016942
0.014634
0.017515
0.019647
0.017390
0.021326
0.019150
0.016466
0.018257
0.013351
0.013270
0.015995
0.012570
0.021215
0.016479
0.022179
0.016184
0.019702
0.018499
0.014870
0.024667
0.016185
0.015219
0.015513
0.013218
0.016793
0.014764
0.018955
0.018405
0.018289
0.014754
0.015515
0.013105
0.020381
0.015922
0.013791
0.013711
0.035014
0.013727
0.015005
0.024132
0.017692
0.018698
0.016457
0.013661
0.015102
0.015096
0.015378
0.020052
0.012165
0.015363
0.018166
0.015818
0.020800
0.019376
0.014032
0.020850
0.012173
0.014371
0.014475
0.018669
0.013598
0.014122
0.020117
0.021088
0.020435
0.013630
0.017643
0.012527
0.015175
0.015436
0.016505
0.014276
0.015522
0.018739
0.013268
0.012842
0.014688
0.017936
0.020807
0.024015
0.018305
0.016186
0.017499
0.014856
0.014617
0.020605
0.011884
0.013748
0.020622
0.015882
0.016223
0.018742
0.014901
0.019373
0.014359
0.025386
0.012655
0.014159
0.023101
0.015931
0.011976
0.020042
0.013020
0.015915
0.020945
0.011920
0.012749
0.020182
0.019979
0.014095
0.014647
0.018191
0.020972
0.012317
0.022393
0.016347
0.024066
0.008938
0.015678
0.017482
0.017780
0.019467
0.013557
0.016431
0.013352
0.015799
0.018794
0.017128
0.012774
0.013065
0.018436
0.014469
0.021356
0.018968
0.011863
0.031719
0.011131
0.020314
0.013369
0.018073
0.012753
0.014536
0.015475
0.019229
0.018404
0.019275
0.019657
0.016370
0.018301
0.012408
0.017648
0.017655
0.012350
0.018728
0.013908
0.012469
0.014713
0.013738
0.015679
0.020886
0.023357
0.023255
0.019379
0.021668
0.029718
0.022401
0.015584
0.030124
0.024266
0.019022
0.018058
0.015072
0.023602
0.011458
0.036024
0.025265
0.021944
0.034002
0.034120
0.026950
0.031750
0.028593
0.021554
0.018264
0.020942
0.019153
0.019951
0.018681
0.014534
0.019112
0.021955
0.032172
0.024127
0.024827
0.028159
0.014860
0.018286
0.018365
0.019629
0.018648
0.022280
0.017098
0.020491
0.017488
0.015792
0.026060
0.025428
0.018125
0.020191
0.020770
0.023827
0.019523
0.026622
0.016314
0.017461
0.018220
0.018890
0.024914
0.016180
0.027058
0.017361
0.022609
0.019826
0.018557
0.019080
0.027741
0.023050
0.018765
0.025845
0.022533
0.022273
0.018620
0.019147
0.026029
0.019881
0.024650
0.024354
0.015706
0.018121
0.029784
0.015583
0.024766
0.021553
0.020072
0.026568
0.020712
0.020751
0.025802
0.026879
0.018484
0.021685
0.019357
0.022333
0.020499
0.037863
0.012818
0.020208
0.029695
0.023445
0.021779
0.023701
0.021508
0.026007
0.025607
0.023825
0.027554
0.027108
0.020108
0.016627
0.026849
0.037497
0.024978
0.028409
0.025723
0.024033
0.019408
0.016133
0.018366
0.017038
0.026976
0.020299
0.025721
0.025743
0.023327
0.025441
0.021849
0.018801
0.088235
0.024821
0.018778
0.022241
0.037556
0.035566
0.022533
0.027446
0.022942
0.019684
0.023572
0.025635
0.025797
0.020081
0.020832
0.019469
0.020708
0.021366
0.023733
0.024519
0.029136
0.024973
0.036079
0.016041
0.020710
0.031188
0.022221
0.022698
0.021886
0.024537
0.021478
0.014249
0.013536
0.016003
0.020118
0.021737
0.016761
0.024964
0.017929
0.020265
0.020053
0.018073
0.026595
0.024116
0.024428
0.016094
0.023959
0.023152
0.018644
0.017080
0.019382
0.018587
0.020595
0.016172
0.014848
0.017022
0.027340
0.016728
0.016727
0.039257
0.018853
0.019065
0.018832
0.014371
0.022300
0.015904
0.025584
0.019179
0.030578
0.033021
0.020848
0.029641
0.018102
0.018052
0.020438
0.014355
0.016368
0.018862
0.018538
0.021105
0.016863
0.021694
0.018049
0.029958
0.023641
0.021491
0.020988
0.018997
0.018802
0.023561
0.020738
0.018031
0.019114
0.019845
0.026182
0.018875
0.020168
0.023261
0.019147
0.020228
0.017063
0.020553
0.025519
0.017229
0.017586
0.027962
0.024272
0.005642
0.017901
0.013167
0.026507
0.020224
0.024883
0.017418
0.014549
0.017913
0.014920
0.019299
0.019119
0.020705
0.025599
0.023420
0.021837
0.019877
0.022443
0.021448
0.015687
0.021051
0.018658
0.018029
0.020987
0.020354
0.016907
0.019319
0.017240
0.017453
0.020349
0.018884
0.018976
0.021045
0.020550
0.018477
0.028856
0.023355
0.020030
0.019404
0.021166
0.018019
0.022455
0.015765
0.013654
0.018734
0.025595
0.023000
0.026992
0.022016
0.020996
0.018816
0.018093
0.020432
0.021149
0.028905
0.014802
0.021387
0.026068
0.017853
0.017774
0.015668
0.019416
0.021979
0.019212
0.024445
0.018636
0.017531
0.016504
0.016325
0.022621
0.017919
0.023307
0.020515
0.023893
0.025427
0.021138
0.024163
0.026804
0.025318
0.027061
0.016055
0.019890
0.020877
0.021051
0.017023
0.024512
0.020622
0.019286
0.025614
0.021470
0.016943
0.014907
0.033534
0.020636
0.024335
0.024929
0.018718
0.024933
0.023550
0.015486
0.020181
0.028581
0.017826
0.017807
0.017879
0.019613
0.025975
0.018472
0.019253
0.021471
0.020750
0.023211
0.020165
0.023715
0.015377
0.017669
0.020830
0.017574
0.020708
0.023077
0.019551
0.019808
0.017369
0.018870
0.019789
0.026706
0.025315
0.019036
0.018986
0.019330
0.017656
0.018925
0.024349
0.017718
0.023810
0.019405
0.017513
0.019964
0.030036
0.017587
0.016501
0.020783
0.018222
0.022236
0.022582
0.016897
0.021637
0.026174
0.015014
0.035347
0.021356
0.017554
0.018775
0.019592
0.018910
0.018959
0.021691
0.022298
0.022916
0.019378
0.024634
0.016293
0.023714
0.025354
0.019268
0.024761
0.027890
0.021541
0.025356
0.020632
0.013913
0.019533
0.027711
0.023947
0.023990
0.024573
0.015357
0.020953
0.022534
0.027776
0.017892
0.026236
0.020687
0.019813
0.039367
0.025703
0.018583
0.031886
0.025962
0.016673
0.023925
0.026372
0.024621
0.024860
0.018544
0.012671
0.013189
0.018539
0.013359
0.011531
0.014099
0.016563
0.015702
0.025002
0.014351
0.014540
0.015663
0.019799
0.012055
0.016004
0.016934
0.021344
0.021974
0.014412
0.021061
0.021021
0.012700
0.016292
0.013836
0.023801
0.025525
0.016689
0.022745
0.017320
0.013385
0.016235
0.013965
0.014412
0.014837
0.014505
0.020443
0.018805
0.026180
0.012204
0.015991
0.014311
0.017355
0.021585
0.018434
0.019779
0.019753
0.016211
0.015440
0.015221
0.013915
0.015089
0.022017
0.016050
0.017037
0.019714
0.019288
0.019519
0.025853
0.018688
0.022159
0.021193
0.023926
0.019309
0.020049
0.014768
0.013281
0.011579
0.021786
0.017186
0.017492
0.019417
0.014045
0.019178
0.023054
0.019206
0.020919
0.026057
0.020412
0.019106
0.017348
0.021933
0.014620
0.028296
0.017593
0.025040
0.017415
0.020652
0.016263
0.017899
0.019734
0.015477
0.016114
0.012120
0.016002
0.018581
0.028718
0.021490
0.015435
0.018362
0.012074
0.014129
0.013352
0.026851
0.017255
0.014531
0.018841
0.017224
0.014066
0.016083
0.016340
0.018274
0.015726
0.018296
0.018513
0.020752
0.019174
0.022055
0.017120
0.013375
0.021008
0.013171
0.016131
0.027202
0.028826
0.018800
0.022881
0.013706
0.017178
0.016465
0.016058
0.016185
0.015928
0.015523
0.016741
0.022457
0.022294
0.021979
0.024744
0.023165
0.018707
0.022131
0.017687
0.017567
0.022629
0.017332
0.017004
0.030147
0.016414
0.022731
0.016614
0.013108
0.016473
0.023926
0.025937
0.016984
0.017973
0.020644
0.021600
0.023055
0.026600
0.012865
0.019122
0.018134
0.023268
0.018267
0.017433
0.017925
0.017455
0.022871
0.018749
0.021929
0.022146
0.017299
0.024206
0.015727
0.007791
0.017846
0.025995
0.026170
0.020176
0.016637
0.021778
0.016795
0.022344
0.015695
0.020577
0.024231
0.017862
0.012705
0.020631
0.017675
0.020755
0.021982
0.021042
0.023055
0.017985
0.017423
0.011351
0.024606
0.016166
0.016957
0.019041
0.016556
0.020406
0.015331
0.022987
0.021916
0.016442
0.040255
0.013621
0.015483
0.016085
0.013433
0.014721
0.016542
0.024146
0.017909
0.017049
0.019102
0.016109
0.022347
0.021658
0.015023
0.020884
0.014622
0.017163
0.017510
0.015821
0.018195
0.018482
0.023927
0.020135
0.018128
0.017458
0.017766
0.019397
0.009170
0.017787
0.018080
0.015604
0.016051
0.017385
0.011969
0.015663
0.012896
0.016243
0.016234
0.019366
0.024884
0.015186
0.014753
0.017823
0.020307
0.019531
0.016915
0.014862
0.016339
0.017776
0.020638
0.014735
0.012957
0.016763
0.020681
0.015700
0.017914
0.019934
0.017488
0.018936
0.015570
0.018785
0.015583
0.016055
0.017616
0.014898
0.020512
0.019861
0.019673
0.016956
0.015004
0.018751
0.019614
0.017644
0.019802
0.016829
0.020649
0.019750
0.019447
0.022138
0.024307
0.017673
0.019851
0.022082
0.020947
0.019332
0.019221
0.019208
0.027051
0.015133
0.014422
0.015907
0.014171
0.016961
0.021255
0.021139
0.018549
0.022661
0.015767
0.023749
0.015824
0.017967
0.019696
0.016675
0.020905
0.015417
0.015137
0.013539
0.036010
0.018921
0.017698
0.017174
0.022871
0.024202
0.016938
0.022052
0.023114
0.022597
0.017923
0.023928
0.019636
0.037241
0.021312
0.020249
0.016619
0.015112
0.027386
0.011775
0.020533
0.022201
0.021391
0.021854
0.018464
0.026461
0.015443
0.016492
0.017668
0.010874
0.013491
0.020732
0.012883
0.016431
0.022037
0.016910
0.021636
0.025843
0.024004
0.014865
0.027530
0.017866
0.016943
0.020935
0.021964
0.017643
0.021390
0.013598
0.021252
0.020283
0.014346
0.022195
0.015542
0.019921
0.026652
0.016762
0.016604
0.018457
0.024885
0.024464
0.022521
0.017088
0.027381
0.025527
0.018650
0.018518
0.016408
0.020746
0.023041
0.020679
0.016846
0.013950
0.020086
0.027733
0.014639
0.015925
0.013417
0.016470
0.014509
0.017340
0.017982
0.015845
0.015608
0.017111
0.016509
0.023049
0.017019
0.035678
0.018949
0.013415
0.014872
0.026902
0.023053
0.014237
0.017220
0.017742
0.015108
0.013153
0.015665
0.023735
0.019171
0.014487
0.015125
0.014059
0.021307
0.017747
0.019716
0.019363
0.013457
0.019078
0.016977
0.027790
0.015249
0.017967
0.024292
0.015972
0.017779
0.014548
0.014859
0.018696
0.018715
0.013880
0.021728
0.022661
0.017662
0.022237
0.025082
0.014566
0.015096
0.023056
0.024457
0.014505
0.014447
0.013686
0.016053
0.016296
0.021169
0.023666
0.018517
0.013272
0.023694
0.021069
0.026736
0.017378
0.013804
0.010955
0.026789
0.029340
0.017185
0.019677
0.023628
0.039237
0.028808
0.023944
0.014191
0.024634
0.017390
0.028403
0.020994
0.019942
0.018268
0.020366
0.017678
0.020279
0.017052
0.017105
0.023320
0.014755
0.026317
0.017791
0.024864
0.017499
0.017420
0.020795
0.019174
0.021929
0.023563
0.014666
0.022755
0.029700
0.020138
0.029209
0.018556
0.017295
0.022164
0.023802
0.018373
0.020353
0.017593
0.014827
0.015038
0.028691
0.021571
0.018633
0.029112
0.019259
0.016252
0.017076
0.016518
0.019648
0.024480
0.018954
0.029220
0.028669
0.022893
0.019183
0.022871
0.017018
0.020541
0.026496
0.012723
0.024405
0.019024
0.019049
0.019065
0.019182
0.031337
0.018683
0.020712
0.015403
0.026492
0.019572
0.029801
0.015187
0.019036
0.018131
0.015998
0.021022
0.036341
0.016286
0.022276
0.016956
0.019705
0.016566
0.017468
0.018776
0.017262
0.020247
0.018370
0.038635
0.053684
0.040262
0.024444
0.011469
0.013740
0.018114
0.029319
0.017247
0.031293
0.018865
0.018297
0.027100
0.016669
0.017157
0.021198
0.022038
0.023708
0.018594
0.017266
0.018245
0.020592
0.020942
0.023778
0.022214
0.029144
0.028374
0.030246
0.024755
0.024140
0.016256
0.019721
0.019999
0.015147
0.015334
0.017151
0.026963
0.019069
0.022101
0.023038
0.021391
0.043125
0.016478
0.026547
0.046688
0.022362
0.024964
0.040981
0.028361
0.023218
0.021890
0.011800
0.025128
0.007688
0.024166
0.020975
0.033056
0.016306
0.021379
0.016647
0.022104
0.025906
0.029262
0.027476
0.019262
0.027508
0.018500
0.019339
0.020145
0.018013
0.023454
0.020394
0.028919
0.019859
0.059936
0.016019
0.026563
0.023940
0.029011
0.017654
0.016459
0.024256
0.016292
0.015722
0.017420
0.016857
0.017056
0.019354
0.020761
0.017947
0.013399
0.017819
0.017114
0.018109
0.017534
0.020427
0.016812
0.018170
0.022085
0.021286
0.019729
0.019206
0.022153
0.017400
0.022201
0.015551
0.025106
0.019905
0.022502
0.019195
0.022487
0.026913
0.022971
0.016512
0.016091
0.023847
0.025614
0.015613
0.016690
0.023322
0.019866
0.021377
0.017406
0.018852
0.019912
0.018689
0.026763
0.022641
0.020074
0.022894
0.012592
0.013499
0.020279
0.018056
0.037280
0.016569
0.027866
0.019725
0.020447
0.028238
0.015486
0.017974
0.026797
0.021695
0.020650
0.019537
0.025952
0.022799
0.022078
0.021055
0.027852
0.028911
0.022738
0.023004
0.016187
0.015947
0.018172
0.028165
0.021918
0.017788
0.015220
0.016286
0.021860
0.019809
0.019826
0.024018
0.018637
0.019277
0.019755
0.017857
0.020267
0.015503
0.021464
0.022499
0.018262
0.017768
0.019008
0.019255
0.012685
0.026646
0.021327
0.021726
0.017025
0.013585
0.027402
0.020993
0.025452
0.021815
0.017199
0.016646
0.014404
0.021133
0.016395
0.018920
0.016338
0.025943
0.017875
0.017318
0.019376
0.028805
0.025562
0.017798
0.025528
0.026022
0.021168
0.015085
0.015745
0.023161
0.016949
0.017309
0.017083
0.027293
0.017001
0.022023
0.011248
0.015890
0.037209
0.016807
0.018125
0.014349
0.025390
0.015169
0.021129
0.017729
0.039058
0.023231
0.026752
0.026684
0.018814
0.014946
0.023404
0.021891
0.020985
0.018932
0.015571
0.014456
0.019522
0.017180
0.018552
0.019257
0.018785
0.020178
0.025925
0.024589
0.022416
0.019189
0.023110
0.018849
0.030807
0.017420
0.014301
0.016713
0.018439
0.020842
0.024605
0.017871
0.014999
0.026109
0.018277
0.019028
0.020983
0.015081
0.021326
0.011876
0.020758
0.018838
0.022502
0.021674
0.036566
0.015254
0.018367
0.048199
0.016714
0.014244
0.018346
0.020639
0.016925
0.021405
0.018862
0.021509
0.018966
0.021472
0.015765
0.017859
0.023538
0.018866
0.016189
0.020740
0.017755
0.017369
0.019621
0.021153
0.013856
0.018694
0.020303
0.022016
0.018144
0.017801
0.023764
0.016815
0.017676
0.019025
0.019897
0.017312
0.019500
0.015173
0.020567
0.017285
0.017843
0.018507
0.020878
0.012301
0.016167
0.018031
0.017498
0.012344
0.015484
0.015939
0.018534
0.023396
0.016410
0.014112
0.021931
0.038182
0.020811
0.022881
0.021907
0.019378
0.021861
0.016392
0.019712
0.018385
0.017434
0.022660
0.024151
0.022301
0.015722
0.018534
0.018004
0.018135
0.017955
0.018668
0.020387
0.015542
0.015104
0.022180
0.014495
0.015603
0.014542
0.023955
0.019499
0.021479
0.019057
0.019405
0.026935
0.016310
0.018136
0.022398
0.020720
0.019347
0.019171
0.020720
0.035019
0.020080
0.024097
0.016499
0.020328
0.018232
0.013295
0.022337
0.018370
0.013573
0.031364
0.025299
0.025595
0.013356
0.014999
0.015398
0.020930
0.017440
0.016474
0.022221
0.022873
0.016050
0.021159
0.029912
0.019542
0.021776
0.016415
0.019216
0.023407
0.015948
0.024613
0.017777
0.038485
0.016147
0.020426
0.017116
0.023501
0.014637
0.030418
0.023229
0.006687
0.018115
0.017317
0.018548
0.016690
0.019672
0.016992
0.021487
0.020032
0.012814
0.021693
0.017784
0.014829
0.016726
0.022389
0.026784
0.018240
0.016125
0.017589
0.023487
0.019751
0.017516
0.015184
0.016588
0.019296
0.019441
0.018850
0.017790
0.017953
0.017847
0.022976
0.010683
0.013360
0.016239
0.032049
0.007646
0.015174
0.019578
0.016492
0.017387
0.014171
0.015231
0.013341
0.013339
0.015300
0.025676
0.016038
0.019304
0.017299
0.012383
0.013132
0.014265
0.013534
0.016850
0.024223
0.018508
0.014191
0.016565
0.014749
0.017916
0.017163
0.016689
0.018583
0.015036
0.013337
0.029352
0.021121
0.015952
0.019173
0.018002
0.021946
0.017454
0.017901
0.019884
0.019480
0.024281
0.015538
0.018039
0.017680
0.017193
0.014057
0.014458
0.015502
0.018424
0.017046
0.017774
0.019189
0.022999
0.019113
0.015329
0.017875
0.013306
0.013088
0.019295
0.017833
0.027689
0.020236
0.019608
0.015493
0.015638
0.015757
0.021050
0.018210
0.021727
0.014873
0.020639
0.023337
0.014429
0.014695
0.016155
0.033385
0.018727
0.021367
0.015424
0.014170
0.014217
0.016534
0.018924
0.016377
0.018179
0.017397
0.018497
0.015486
0.015609
0.021765
0.013195
0.015355
0.015333
0.020560
0.014533
0.015000
0.012962
0.017639
0.009154
0.012233
0.014996
0.019972
0.015325
0.013800
0.018220
0.013541
0.018771
0.013248
0.017030
0.017486
0.017040
0.013928
0.017058
0.022734
0.020278
0.012011
0.021984
0.016791
0.018069
0.015573
0.015399
0.012854
0.016155
0.015669
0.014302
0.030740
0.019943
0.015008
0.019989
0.014269
0.018544
0.022122
0.012845
0.016207
0.015184
0.013159
0.012790
0.013030
0.018950
0.016039
0.020499
0.016457
0.020139
0.018227
0.017671
0.016062
0.013606
0.018202
0.018296
0.017214
0.019462
0.019805
0.021522
0.012912
0.014769
0.015661
0.010234
0.012781
0.016891
0.015146
0.009098
0.013215
0.011047
0.016697
0.015743
0.022170
0.014950
0.015976
0.015005
0.013038
0.018720
0.020223
0.017586
0.019354
0.023103
0.021071
0.010968
0.015165
0.014389
0.016453
0.018575
0.012505
0.011098
0.011638
0.021037
0.016693
0.016431
0.015171
0.016854
0.021431
0.024421
0.020575
0.015250
0.019158
0.017467
0.015973
0.017024
0.025656
0.021450
0.019970
0.019607
0.023857
0.030697
0.016581
0.016744
0.011572
0.018011
0.015098
0.009911
0.016813
0.017382
0.016806
0.019176
0.016078
0.017265
0.013545
0.016168
0.018436
0.023333
0.010321
0.018926
0.017107
0.015599
0.015417
0.019093
0.013048
0.028829
0.021196
0.015105
0.016349
0.019055
0.021827
0.023577
0.015076
0.014328
0.017655
0.021180
0.016989
0.020572
0.014293
0.018490
0.019105
0.019636
0.017389
0.017193
0.019656
0.012051
0.012252
0.022958
0.009525
0.014022
0.020115
0.018093
0.020912
0.021242
0.022807
0.017381
0.017359
0.019607
0.022769
0.022635
0.022498
0.028842
0.027110
0.023240
0.024090
0.019516
0.014117
0.020113
0.016038
0.012933
0.022648
0.014880
0.013220
0.020628
0.020141
0.025913
0.011932
0.010217
0.015461
0.016995
0.013128
0.023814
0.022443
0.014071
0.012132
0.018133
0.016741
0.025500
0.017763
0.011325
0.014598
0.016337
0.016083
0.018301
0.021414
0.018526
0.017613
0.014026
0.013436
0.014553
0.017404
0.016879
0.013265
0.016521
0.018188
0.017874
0.015917
0.018662
0.014154
0.014968
0.016453
0.015545
0.016546
0.017344
0.019985
0.017347
0.017405
0.017077
0.021786
0.013719
0.022701
0.017646
0.012328
0.012362
0.021139
0.022505
0.015857
0.018767
0.018419
0.018732
0.023733
0.018224
0.021367
0.019046
0.019265
0.019657
0.015783
0.023082
0.022685
0.019571
0.015312
0.020621
0.022980
0.015779
0.020620
0.020534
0.012135
0.018186
0.014316
0.015149
0.020627
0.025214
0.024755
0.018120
0.014692
0.012798
0.016431
0.019395
0.017663
0.016807
0.020052
0.014340
0.012552
0.014238
0.027030
0.017691
0.022569
0.020450
0.021410
0.019913
0.018984
0.018512
0.018073
0.014132
0.015318
0.015811
0.026924
0.018072
0.014479
0.017139
0.024840
0.016227
0.018525
0.018191
0.015488
0.022514
0.014832
0.014811
0.016035
0.012901
0.016570
0.017659
0.017945
0.021350
0.019923
0.016964
0.007545
0.018378
0.017490
0.017247
0.013672
0.014886
0.010749
0.021927
0.015247
0.012888
0.016145
0.012375
0.013314
0.016857
0.011099
0.016544
0.015073
0.012431
0.017101
0.010200
0.021267
0.015861
0.015821
0.022945
0.008135
0.008481
0.017528
0.030251
0.042868
0.014934
0.022118
0.018350
0.026309
0.026298
0.031211
0.019100
0.022924
0.016553
0.036026
0.039061
0.017517
0.023084
0.036361
0.020891
0.020488
0.022464
0.026405
0.027286
0.023764
0.019808
0.040389
0.020400
0.021182
0.023737
0.023807
0.016403
0.018099
0.024731
0.019251
0.024105
0.026111
0.028043
0.025199
0.034169
0.016718
0.021093
0.019199
0.023552
0.020077
0.021493
0.017616
0.020715
0.020003
0.020490
0.019953
0.022622
0.027717
0.031235
0.023647
0.018888
0.026501
0.026346
0.021527
0.028264
0.035931
0.026996
0.019694
0.018617
0.048815
0.023525
0.019047
0.026111
0.020524
0.023892
0.024917
0.018830
0.026696
0.031852
0.021294
0.027210
0.032236
0.022190
0.019874
0.025548
0.031571
0.022739
0.028959
0.029647
0.021752
0.028244
0.027071
0.029473
0.030852
0.021893
0.022381
0.031490
0.029540
0.020586
0.033325
0.020268
0.022084
0.025253
0.020764
0.020311
0.024370
0.020791
0.029895
0.018934
0.015474
0.015363
0.018968
0.019670
0.019392
0.027497
0.029821
0.027681
0.016705
0.024356
0.039204
0.042705
0.019762
0.032835
0.026198
0.022124
0.020342
0.019079
0.019883
0.027084
0.046719
0.019184
0.024862
0.019094
0.021595
0.025209
0.030863
0.023748
0.020204
0.026152
0.015595
0.017862
0.024737
0.021058
0.018414
0.023760
0.022067
0.024007
0.024643
0.027900
0.031176
0.020698
0.022640
0.027163
0.030741
0.025213
0.018254
0.016989
0.033549
0.056902
0.023307
0.022034
0.017537
0.046330
0.026696
0.022199
0.022216
0.016115
0.016210
0.021326
0.031545
0.019583
0.020162
0.036335
0.017133
0.018304
0.022491
0.017704
0.022475
0.024618
0.032838
0.027945
0.024230
0.021843
0.021759
0.020605
0.027101
0.018286
0.021272
0.026929
0.031544
0.028988
0.024768
0.025272
0.024036
0.020724
0.023430
0.023145
0.026979
0.022485
0.030229
0.025201
0.029430
0.019526
0.020905
0.028582
0.020520
0.018690
0.024515
0.014959
0.021273
0.018487
0.022833
0.025007
0.016785
0.017080
0.022073
0.020876
0.015330
0.023346
0.019293
0.021031
0.022401
0.030840
0.031096
0.022846
0.032431
0.022428
0.019669
0.020811
0.035898
0.029192
0.027783
0.017260
0.022190
0.020863
0.018130
0.016494
0.035626
0.026670
0.023088
0.025122
0.022910
0.025707
0.025646
0.017997
0.021916
0.023437
0.017926
0.024640
0.017676
0.025269
0.023592
0.028691
0.026447
0.039632
0.024389
0.026005
0.025980
0.021667
0.023289
0.049641
0.020672
0.022362
0.044330
0.020263
0.024147
0.024120
0.018038
0.017558
0.031857
0.016129
0.029785
0.028899
0.035772
0.028484
0.019821
0.023848
0.023560
0.028501
0.019914
0.027312
0.013093
0.017545
0.021575
0.021138
0.023796
0.024625
0.023082
0.026365
0.028580
0.027740
0.017731
0.019844
0.026487
0.019358
0.020709
0.023340
0.023446
0.023924
0.020989
0.026037
0.014356
0.021334
0.023645
0.025538
0.028299
0.017423
0.021436
0.017630
0.022991
0.021893
0.005834
0.018151
0.037967
0.032451
0.023808
0.026657
0.020342
0.016851
0.044148
0.018557
0.021543
0.017918
0.019711
0.016464
0.024867
0.018983
0.021585
0.019490
0.020656
0.026566
0.024037
0.025705
0.028442
0.022538
0.020723
0.019585
0.023831
0.024629
0.023751
0.021539
0.024399
0.020069
0.030245
0.023776
0.020806
0.022152
0.015916
0.016862
0.018068
0.016589
0.020805
0.017416
0.031413
0.019830
0.020602
0.022966
0.024895
0.026014
0.019996
0.021820
0.016476
0.021271
0.020276
0.023134
0.021008
0.018579
0.024199
0.031731
0.024172
0.024837
0.021188
0.022865
0.032068
0.019914
0.015778
0.024245
0.023742
0.033397
0.025728
0.030358
0.027464
0.034782
0.019870
0.030943
0.019058
0.013780
0.016456
0.016424
0.019312
0.015113
0.017150
0.016701
0.020824
0.015871
0.016691
0.016753
0.020957
0.013066
0.017296
0.019258
0.017433
0.015480
0.017586
0.022904
0.021530
0.020679
0.013722
0.021745
0.025138
0.019017
0.036841
0.021528
0.018661
0.015659
0.015949
0.017882
0.020353
0.023785
0.011787
0.013665
0.014836
0.019622
0.015591
0.019631
0.017560
0.014549
0.018614
0.018940
0.017238
0.013808
0.013923
0.014082
0.016327
0.020880
0.020320
0.019633
0.016703
0.018668
0.012679
0.016709
0.016297
0.019185
0.018988
0.019332
0.012878
0.012807
0.019924
0.013418
0.017891
0.018853
0.011951
0.017929
0.016203
0.018325
0.017572
0.015283
0.015522
0.024686
0.015381
0.020647
0.023536
0.021932
0.013699
0.017130
0.020130
0.019989
0.023767
0.013626
0.017131
0.024230
0.019454
0.022757
0.024787
0.017888
0.017875
0.014448
0.022988
0.020238
0.018151
0.020093
0.021689
0.018349
0.024469
0.025293
0.026051
0.021905
0.018971
0.017073
0.027251
0.013095
0.015672
0.016353
0.024768
0.014384
0.018555
0.026678
0.014254
0.012916
0.017103
0.016315
0.015028
0.014277
0.017075
0.021226
0.015148
0.014483
0.020444
0.023389
0.017097
0.017454
0.016894
0.017242
0.019501
0.020747
0.016694
0.011912
0.012583
0.016015
0.012866
0.014180
0.020063
0.019450
0.020824
0.017092
0.013701
0.018763
0.019901
0.012483
0.013416
0.015371
0.014362
0.017333
0.022779
0.019084
0.014415
0.020290
0.018344
0.012140
0.015891
0.020097
0.013963
0.015348
0.018812
0.017465
0.014192
0.020583
0.011637
0.012621
0.016670
0.015379
0.017656
0.017330
0.019585
0.032427
0.020574
0.019721
0.018025
0.017496
0.011879
0.010938
0.017665
0.012895
0.015985
0.013295
0.014496
0.016853
0.016398
0.015648
0.015679
0.016419
0.023932
0.032574
0.015851
0.019485
0.015099
0.010957
0.014675
0.018507
0.015603
0.013127
0.016818
0.016174
0.017804
0.018142
0.016492
0.013105
0.017701
0.026263
0.016691
0.012460
0.012235
0.014361
0.017357
0.018777
0.019151
0.016573
0.012539
0.017224
0.019358
0.015178
0.012792
0.024694
0.019644
0.016737
0.015044
0.016612
0.012011
0.021548
0.022188
0.015290
0.016391
0.016927
0.015954
0.025497
0.013667
0.016194
0.014937
0.014068
0.019178
0.011674
0.014905
0.014359
0.010989
0.029955
0.013917
0.015772
0.018466
0.010871
0.013749
0.015070
0.015024
0.015161
0.014960
0.016229
0.020198
0.021755
0.021413
0.019813
0.022208
0.021753
0.021246
0.014244
0.019642
0.023783
0.010090
0.016928
0.014908
0.018458
0.015333
0.024280
0.021188
0.017224
0.025243
0.020940
0.014827
0.018987
0.025148
0.010867
0.016525
0.014423
0.019965
0.018055
0.020059
0.014483
0.022534
0.023484
0.021039
0.022360
0.022094
0.024010
0.030070
0.013817
0.015985
0.011838
0.017004
0.013022
0.017472
0.016039
0.013202
0.019202
0.018315
0.021084
0.022343
0.021468
0.017242
0.019010
0.023065
0.010499
0.013359
0.023121
0.037302
0.016882
0.021903
0.015937
0.013916
0.017260
0.010347
0.019057
0.018789
0.019644
0.021794
0.032230
0.013309
0.021244
0.018042
0.013862
0.013461
0.021209
0.019710
0.020002
0.017207
0.017780
0.017725
0.014822
0.015419
0.013008
0.015717
0.011263
0.011607
0.013138
0.012133
0.026374
0.014505
0.018927
0.016920
0.018592
0.016099
0.018956
0.016557
0.022951
0.016074
0.029115
0.025855
0.017883
0.016399
0.027729
0.016477
0.018166
0.024593
0.029908
0.024188
0.026014
0.015494
0.016072
0.017331
0.022126
0.015990
0.024607
0.033304
0.019154
0.024168
0.017796
0.017714
0.019045
0.014430
0.020508
0.021465
0.024904
0.017900
0.021980
0.022993
0.018594
0.021635
0.022628
0.017104
0.021332
0.023470
0.018772
0.017170
0.016577
0.018152
0.021962
0.016805
0.032888
0.021360
0.020003
0.018593
0.018677
0.021838
0.014603
0.015938
0.020175
0.022756
0.023202
0.025679
0.018824
0.019085
0.019683
0.020355
0.021594
0.019996
0.018820
0.019733
0.016139
0.023233
0.019703
0.022040
0.020338
0.017358
0.023321
0.018002
0.023759
0.020885
0.013348
0.026946
0.024200
0.019670
0.021554
0.056405
0.025458
0.026338
0.021823
0.027920
0.019191
0.021112
0.021588
0.015570
0.018938
0.017168
0.017434
0.014432
0.022449
0.027704
0.016864
0.020115
0.024236
0.026627
0.017952
0.023046
0.032627
0.018862
0.014664
0.020953
0.017286
0.020776
0.022543
0.018098
0.016964
0.021167
0.013649
0.022572
0.018276
0.021874
0.021577
0.013559
0.014674
0.014814
0.019772
0.016363
0.023680
0.017907
0.020599
0.022529
0.017137
0.018359
0.023863
0.019115
0.071646
0.018672
0.015715
0.015861
0.017960
0.021468
0.019464
0.018906
0.019363
0.020217
0.021669
0.017597
0.019002
0.022682
0.015963
0.054280
0.013960
0.015094
0.020086
0.016222
0.021005
0.020439
0.019955
0.017542
0.042445
0.018043
0.021968
0.019289
0.017604
0.024774
0.018208
0.023842
0.019741
0.024869
0.021891
0.014926
0.017463
0.017395
0.015760
0.021673
0.025650
0.017167
0.018436
0.023671
0.016827
0.023932
0.028579
0.021426
0.022356
0.022135
0.019664
0.019285
0.030713
0.029855
0.018741
0.015865
0.016961
0.019400
0.036509
0.018764
0.018855
0.016288
0.022017
0.013528
0.012178
0.018734
0.008540
0.021985
0.023892
0.018154
0.022474
0.025963
0.028847
0.015040
0.027154
0.027994
0.019684
0.025164
0.022573
0.017868
0.017634
0.023650
0.026853
0.015864
0.018425
0.024739
0.018868
0.025005
0.020426
0.026486
0.026211
0.015675
0.016806
0.024025
0.012567
0.017311
0.017423
0.024974
0.024138
0.015375
0.017659
0.017311
0.016108
0.013443
0.011915
0.018234
0.017793
0.019554
0.020347
0.016036
0.017788
0.032438
0.012420
0.015591
0.020203
0.019305
0.020791
0.018360
0.013724
0.017559
0.017752
0.027541
0.030601
0.026804
0.019257
0.026280
0.019141
0.021786
0.018068
0.026974
0.021642
0.031215
0.019437
0.019117
0.020519
0.028185
0.017196
0.020251
0.022190
0.023662
0.013848
0.015853
0.020599
0.045916
0.018677
0.036465
0.019677
0.022894
0.015683
0.021322
0.012756
0.014592
0.020563
0.020112
0.023503
0.026620
0.024036
0.021748
0.021707
0.018331
0.019376
0.018851
0.021105
0.018561
0.023418
0.020735
0.026409
0.026720
0.022639
0.024852
0.019949
0.015511
0.019316
0.030052
0.014615
0.027453
0.026642
0.023104
0.015444
0.015764
0.021881
0.025539
0.019199
0.015554
0.016416
0.020456
0.019297
0.043162
0.018357
0.019123
0.022992
0.020535
0.014133
0.016997
0.019997
0.020516
0.016091
0.016134
0.024611
0.019313
0.018152
0.022582
0.019056
0.018522
0.019687
0.027612
0.027980
0.018164
0.022953
0.024068
0.015398
0.022792
0.026965
0.025385
0.014572
0.018508
0.019616
0.017210
0.019335
0.027662
0.012354
0.021043
0.017161
0.015649
0.017820
0.017794
0.019464
0.027223
0.015854
0.017337
0.023537
0.021605
0.021045
0.021314
0.021426
0.022354
0.024000
0.025276
0.016419
0.013598
0.019925
0.016575
0.020360
0.015280
0.017611
0.016677
0.022537
0.018562
0.018408
0.016658
0.023335
0.015286
0.017427
0.023205
0.033383
0.020590
0.017682
0.019937
0.016821
0.031428
0.013593
0.023163
0.013645
0.014977
0.030792
0.021771
0.013534
0.019563
0.019686
0.013506
0.014979
0.020627
0.016546
0.017566
0.025774
0.015748
0.013038
0.015771
0.018034
0.018545
0.018589
0.012517
0.015284
0.013982
0.016763
0.014133
0.015560
0.009178
0.010871
0.028138
0.012508
0.037988
0.062298
0.037571
0.031927
0.035341
0.019648
0.016358
0.014809
0.015447
0.015236
0.027443
0.008464
0.011947
0.020755
0.037350
0.017613
0.029760
0.026028
0.027994
0.030296
0.032216
0.017720
0.026705
0.019469
0.022210
0.021747
0.032297
0.023638
0.023132
0.024663
0.024838
0.025646
0.030306
0.032356
0.017785
0.028092
0.026913
0.025826
0.019998
0.022610
0.024394
0.031621
0.028881
0.031400
0.023558
0.034251
0.026179
0.058131
0.040306
0.033872
0.019936
0.029742
0.016499
0.024629
0.032186
0.020217
0.020938
0.022790
0.028390
0.035611
0.019535
0.018950
0.022941
0.021633
0.025230
0.031956
0.019927
0.020390
0.033799
0.037349
0.069958
0.020679
0.024142
0.026852
0.025267
0.020509
0.033394
0.021053
0.035292
0.028621
0.022252
0.019688
0.020858
0.023074
0.018265
0.025019
0.027635
0.026309
0.021505
0.028544
0.023485
0.019471
0.019427
0.018341
0.021745
0.023413
0.021453
0.021410
0.031675
0.033184
0.025777
0.025902
0.025209
0.020208
0.024327
0.022588
0.025265
0.021853
0.033652
0.027710
0.028035
0.022650
0.023096
0.026542
0.022549
0.022425
0.019938
0.028138
0.028177
0.030064
0.020201
0.033172
0.024588
0.027587
0.031808
0.027584
0.022475
0.012311
0.031015
0.017120
0.018000
0.021943
0.024027
0.030234
0.029560
0.018690
0.027169
0.018674
0.019633
0.009531
0.021087
0.024605
0.029359
0.023998
0.018477
0.027910
0.028181
0.027176
0.021585
0.032126
0.020015
0.017431
0.016450
0.018015
0.019370
0.025365
0.018996
0.029990
0.031657
0.027413
0.042883
0.027098
0.034616
0.032274
0.024912
0.021400
0.027668
0.027223
0.025112
0.033294
0.019075
0.026915
0.026852
0.022050
0.024840
0.030835
0.019494
0.018816
0.029527
0.025761
0.021906
0.038703
0.023140
0.023142
0.030984
0.028260
0.032155
0.025661
0.034990
0.030372
0.024312
0.024596
0.029505
0.023504
0.025335
0.020913
0.027522
0.031909
0.022610
0.018893
0.031254
0.027663
0.023664
0.031937
0.038417
0.039953
0.022668
0.022637
0.024465
0.026120
0.041744
0.023239
0.028381
0.015451
0.034648
0.020134
0.034125
0.037835
0.034985
0.033798
0.040439
0.027978
0.032499
0.030211
0.025266
0.033217
0.033269
0.027574
0.042027
0.041400
0.026640
0.021853
0.035712
0.048784
0.036407
0.043473
0.044907
0.027758
0.026084
0.031464
0.028761
0.031139
0.033798
0.022095
0.030302
0.030711
0.039534
0.023503
0.024293
0.026093
0.044485
0.023316
0.026779
0.027379
0.015717
0.031069
0.021917
0.024505
0.023085
0.042280
0.030707
0.033236
0.028515
0.018751
0.026458
0.033054
0.028213
0.037175
0.030128
0.032567
0.024209
0.034820
0.017348
0.040310
0.023560
0.032512
0.031725
0.027332
0.025402
0.021313
0.033002
0.034256
0.033583
0.021780
0.023256
0.020928
0.015325
0.029957
0.027374
0.022923
0.026683
0.032388
0.020468
0.021708
0.023925
0.025639
0.027941
0.024359
0.022079
0.027832
0.026555
0.023834
0.031271
0.018438
0.021285
0.022776
0.023490
0.027864
0.029447
0.026988
0.022766
0.022733
0.026047
0.018421
0.025147
0.019096
0.016473
0.017866
0.025483
0.031966
0.023981
0.017275
0.035487
0.030898
0.022428
0.027195
0.023628
0.026746
0.014899
0.018805
0.029628
0.029115
0.026288
0.016266
0.033378
0.019536
0.021249
0.025539
0.025198
0.023225
0.030113
0.019656
0.022860
0.037324
0.025159
0.027896
0.035934
0.052666
0.027788
0.040005
0.030381
0.033304
0.024193
0.027985
0.028268
0.023521
0.025851
0.026955
0.023683
0.030330
0.018412
0.022218
0.023417
0.017985
0.029207
0.029110
0.025400
0.035898
0.016094
0.016420
0.025335
0.026514
0.024315
0.024282
0.032959
0.018732
0.030687
0.028123
0.018460
0.025707
0.025782
0.034209
0.018792
0.023222
0.029175
0.044572
0.032660
0.017938
0.050435
0.019185
0.019721
0.026565
0.025259
0.027439
0.026879
0.041822
0.027721
0.042348
0.030713
0.030357
0.028427
0.024808
0.019386
0.017468
0.017615
0.021142
0.033224
0.021810
0.018855
0.024308
0.041000
0.024744
0.037180
0.022920
0.033924
0.031670
0.020834
0.024745
0.021860
0.022269
0.028422
0.025281
0.024903
0.022318
0.026382
0.027012
0.029210
0.025445
0.024628
0.019110
0.018788
0.020073
0.027192
0.020537
0.044313
0.035597
0.024740
0.019759
0.026384
0.035752
0.028632
0.017398
0.020660
0.022446
0.018847
0.033742
0.021979
0.030144
0.030956
0.034111
0.025685
0.024319
0.021651
0.019339
0.028654
0.031471
0.017578
0.020055
0.030379
0.025114
0.040846
0.024292
0.035154
0.018461
0.021346
0.025576
0.014512
0.024878
0.064275
0.028705
0.037019
0.018763
0.020110
0.021766
0.030055
0.021639
0.035128
0.018062
0.018616
0.028033
0.019496
0.017010
0.019656
0.027487
0.019332
0.028768
0.022837
0.029836
0.016952
0.016176
0.023567
0.018152
0.017628
0.018615
0.024696
0.026775
0.028738
0.019495
0.022807
0.020551
0.021236
0.025738
0.022252
0.022832
0.029424
0.026138
0.019480
0.018396
0.018221
0.033058
0.025292
0.027995
0.022282
0.020709
0.025046
0.021256
0.034399
0.024146
0.074448
0.027385
0.019363
0.020145
0.045428
0.032187
0.017075
0.019535
0.022060
0.025382
0.021563
0.020062
0.020643
0.023898
0.022423
0.024704
0.022171
0.024068
0.053852
0.022061
0.026248
0.023079
0.021701
0.022542
0.022577
0.026827
0.018025
0.020054
0.019730
0.027517
0.026663
0.022949
0.020115
0.027875
0.024701
0.022353
0.025208
0.029699
0.018633
0.023969
0.027455
0.057101
0.019230
0.015939
0.018177
0.021644
0.019185
0.031977
0.032518
0.042675
0.024771
0.023632
0.027958
0.021494
0.020429
0.019861
0.024434
0.021269
0.022488
0.019390
0.018673
0.021216
0.023848
0.017177
0.020110
0.035708
0.018972
0.018368
0.025207
0.021441
0.016566
0.025295
0.020781
0.020637
0.025985
0.020084
0.025150
0.026274
0.020559
0.022301
0.039125
0.021920
0.016894
0.020634
0.020761
0.020241
0.032329
0.025362
0.029074
0.020909
0.023472
0.019839
0.029981
0.019510
0.031316
0.019608
0.020468
0.016565
0.019207
0.025640
0.015648
0.027070
0.022867
0.029820
0.017999
0.023547
0.018611
0.015928
0.025668
0.031941
0.027013
0.021542
0.020903
0.029511
0.022457
0.019793
0.016586
0.024813
0.033727
0.033866
0.031247
0.022601
0.020091
0.022031
0.027324
0.022310
0.022009
0.023020
0.016569
0.017415
0.015513
0.018092
0.018953
0.031704
0.024686
0.025458
0.026248
0.016499
0.021023
0.024662
0.018581
0.025571
0.024454
0.019838
0.030944
0.015962
0.020419
0.017772
0.026199
0.022760
0.026511
0.027395
0.022307
0.027213
0.024976
0.027572
0.025760
0.030234
0.024041
0.028454
0.021294
0.017301
0.028952
0.023079
0.017556
0.024268
0.025912
0.019396
0.017461
0.008866
0.020246
0.023518
0.033203
0.018713
0.028241
0.019499
0.017932
0.018451
0.018860
0.016410
0.017274
0.019841
0.020698
0.016660
0.018738
0.019150
0.019776
0.028742
0.013943
0.016858
0.016997
0.016673
0.019315
0.021818
0.020381
0.027480
0.034728
0.017180
0.031898
0.020721
0.014064
0.019939
0.025165
0.024934
0.028002
0.024572
0.025997
0.022250
0.024858
0.026063
0.029368
0.023281
0.015115
0.027171
0.021579
0.021270
0.025529
0.019849
0.018173
0.019990
0.025916
0.030250
0.028174
0.019862
0.027561
0.021610
0.024271
0.021767
0.022515
0.024151
0.022158
0.021720
0.012848
0.017598
0.015140
0.017845
0.015080
0.017428
0.029546
0.030522
0.023228
0.023519
0.023070
0.019659
0.029832
0.020306
0.023844
0.023401
0.038238
0.023697
0.016871
0.025240
0.015210
0.026238
0.013740
0.023899
0.016811
0.019433
0.026245
0.022577
0.024903
0.025908
0.022008
0.032601
0.024478
0.017377
0.031524
0.020984
0.019440
0.023310
0.031835
0.027909
0.020514
0.032474
0.020447
0.020859
0.024966
0.021611
0.017196
0.019801
0.023633
0.022688
0.046240
0.019373
0.022972
0.029943
0.037696
0.016067
0.021810
0.026552
0.019162
0.013232
0.028902
0.018922
0.018560
0.023760
0.023731
0.023894
0.017962
0.021635
0.024021
0.020663
0.029452
0.024465
0.014651
0.024480
0.018178
0.021156
0.028607
0.027467
0.015671
0.021619
0.020731
0.024680
0.014236
0.017628
0.035242
0.022077
0.027368
0.027158
0.018882
0.023032
0.018105
0.025154
0.023581
0.032519
0.026760
0.024495
0.028912
0.028291
0.014247
0.025074
0.022553
0.025544
0.029828
0.024979
0.023889
0.029845
0.020799
0.023211
0.020393
0.024376
0.022218
0.019153
0.017445
0.014389
0.020504
0.017470
0.022220
0.015241
0.023039
0.023594
0.031328
0.014021
0.023555
0.027397
0.030674
0.021113
0.020052
0.034266
0.030488
0.032130
0.018988
0.027926
0.028343
0.033734
0.043201
0.023287
0.028606
0.024277
0.035649
0.026600
0.026361
0.029417
0.030513
0.022568
0.030939
0.025805
0.021390
0.022234
0.040891
0.035071
0.026510
0.017589
0.022958
0.022571
0.032611
0.018566
0.014740
0.020014
0.015836
0.027639
0.018796
0.024602
0.027752
0.041023
0.022562
0.017663
0.018139
0.025564
0.016485
0.017329
0.018697
0.025559
0.057132
0.014445
0.014220
0.030335
0.033010
0.025522
0.024160
0.040480
0.038880
0.042972
0.034709
0.038656
0.027048
0.024660
0.029021
0.029276
0.026409
0.029006
0.034220
0.020678
0.025389
0.027033
0.024340
0.025964
0.031401
0.022799
0.028000
0.033891
0.019483
0.026759
0.030256
0.025568
0.026677
0.028538
0.029829
0.034543
0.019146
0.032397
0.027818
0.023760
0.046190
0.026725
0.023435
0.021869
0.029552
0.018841
0.032682
0.037477
0.027522
0.034702
0.021337
0.028056
0.022569
0.026976
0.027640
0.023490
0.024647
0.025589
0.034339
0.029114
0.029700
0.028302
0.030169
0.029519
0.028066
0.026975
0.034927
0.038215
0.039720
0.034967
0.033674
0.027461
0.027671
0.024549
0.027589
0.028893
0.026676
0.033044
0.029389
0.023330
0.028702
0.033451
0.026241
0.043427
0.026983
0.031642
0.032426
0.027600
0.021059
0.021202
0.054670
0.021351
0.026558
0.023453
0.037614
0.037149
0.029123
0.029843
0.023554
0.025984
0.033101
0.043459
0.053085
0.050758
0.026848
0.025567
0.038950
0.022430
0.018993
0.025209
0.022145
0.038782
0.037805
0.026430
0.039868
0.026248
0.037606
0.031255
0.047003
0.037919
0.039753
0.021869
0.023938
0.025274
0.024413
0.033728
0.025720
0.029276
0.038520
0.038225
0.035749
0.031086
0.027814
0.031419
0.037260
0.030414
0.033249
0.021852
0.022661
0.023546
0.025600
0.029108
0.020234
0.035776
0.023767
0.022804
0.026958
0.027315
0.038377
0.022931
0.026381
0.025788
0.029777
0.033660
0.034814
0.024801
0.023500
0.030467
0.034873
0.047953
0.030758
0.029195
0.025648
0.023552
0.024071
0.033721
0.027709
0.031570
0.030705
0.069018
0.019707
0.023383
0.022112
0.025822
0.031001
0.025323
0.024623
0.020511
0.026621
0.027773
0.030873
0.028041
0.029894
0.028371
0.028670
0.026206
0.043464
0.028210
0.024619
0.031440
0.028479
0.030550
0.030554
0.028301
0.021167
0.034284
0.035195
0.029644
0.022745
0.028424
0.029144
0.024553
0.019945
0.023647
0.022178
0.031388
0.024267
0.022002
0.034342
0.028500
0.025171
0.028768
0.021595
0.027270
0.027934
0.045645
0.021059
0.022016
0.021504
0.022372
0.032185
0.029451
0.019265
0.023530
0.026407
0.035340
0.027098
0.020552
0.028709
0.031459
0.027729
0.029178
0.020695
0.028645
0.024961
0.024042
0.020896
0.033518
0.031975
0.029264
0.028252
0.024400
0.022701
0.025226
0.018853
0.014399
0.019127
0.017598
0.026520
0.031177
0.020577
0.025681
0.024378
0.014702
0.020808
0.017055
0.021238
0.020426
0.024821
0.023911
0.021012
0.029685
0.017123
0.019068
0.015092
0.007203
0.019072
0.021831
0.021426
0.014165
0.016708
0.016463
0.022034
0.025851
0.023637
0.020547
0.022414
0.022740
0.019289
0.019792
0.016857
0.018310
0.020848
0.020343
0.023664
0.019059
0.014079
0.017455
0.019987
0.020208
0.027037
0.023079
0.015731
0.023525
0.021045
0.015502
0.019541
0.020510
0.018957
0.019479
0.016345
0.015508
0.015164
0.020229
0.026184
0.023122
0.020411
0.023321
0.025556
0.021693
0.022299
0.019984
0.017402
0.027272
0.036490
0.023762
0.022811
0.018587
0.023353
0.021558
0.015637
0.026370
0.022488
0.018340
0.027321
0.020167
0.020337
0.016010
0.016151
0.021445
0.019515
0.013618
0.021487
0.026263
0.025645
0.023632
0.020214
0.022975
0.014845
0.021068
0.029259
0.015335
0.021663
0.018589
0.015745
0.018437
0.022941
0.016138
0.014608
0.014456
0.017377
0.019572
0.017943
0.017973
0.017961
0.016076
0.016894
0.017496
0.022917
0.027664
0.021605
0.027381
0.018442
0.024589
0.023630
0.022078
0.018736
0.031401
0.018470
0.019855
0.020963
0.019028
0.027090
0.023705
0.024142
0.022057
0.017177
0.026427
0.019083
0.019654
0.022622
0.016573
0.027864
0.017988
0.016193
0.023352
0.021411
0.018031
0.023857
0.021099
0.022129
0.018624
0.016541
0.019011
0.018841
0.023462
0.020427
0.021379
0.021365
0.025560
0.045096
0.021597
0.020280
0.028468
0.016820
0.025475
0.026169
0.015161
0.019893
0.024289
0.017181
0.024557
0.029959
0.024524
0.017302
0.028468
0.026571
0.024410
0.020869
0.021311
0.021520
0.021548
0.022498
0.022120
0.027303
0.016999
0.018027
0.017112
0.017495
0.026355
0.013829
0.019406
0.028021
0.019809
0.019295
0.020652
0.017700
0.025072
0.018390
0.016667
0.018223
0.023749
0.020132
0.021937
0.014573
0.020808
0.027478
0.018453
0.033551
0.033972
0.021909
0.022558
0.022058
0.019749
0.026634
0.015710
0.018879
0.018230
0.025189
0.015023
0.020563
0.016642
0.017993
0.020102
0.019507
0.017649
0.018039
0.014583
0.020563
0.017022
0.017880
0.018985
0.014684
0.014357
0.016611
0.019018
0.025266
0.017491
0.011233
0.019318
0.014123
0.016170
0.016864
0.017785
0.025863
0.021839
0.013021
0.014546
0.024541
0.022353
0.024233
0.020486
0.022830
0.025687
0.015738
0.025602
0.028296
0.025881
0.016172
0.025324
0.024427
0.022606
0.009739
0.017046
0.023232
0.017845
0.013814
0.012731
0.018687
0.016245
0.006677
0.017441
0.025946
0.023535
0.019884
0.018962
0.020119
0.018530
0.021294
0.020413
0.019098
0.020493
0.018993
0.025253
0.023870
0.020361
0.016866
0.027841
0.023168
0.023241
0.016665
0.023628
0.025454
0.033105
0.024093
0.016406
0.021089
0.019957
0.023450
0.020642
0.022042
0.014336
0.018115
0.018007
0.022213
0.023237
0.017482
0.017283
0.019010
0.027521
0.027537
0.023512
0.029688
0.013117
0.021120
0.025640
0.030071
0.023498
0.039840
0.020171
0.026324
0.023599
0.017727
0.017603
0.025184
0.028796
0.029937
0.023228
0.027957
0.024271
0.023275
0.032561
0.033157
0.025051
0.026936
0.022031
0.024100
0.022710
0.031508
0.024122
0.019300
0.018975
0.018351
0.021173
0.020529
0.026219
0.022657
0.040056
0.018595
0.021940
0.025070
0.030841
0.023681
0.022957
0.025148
0.014924
0.018609
0.018029
0.018722
0.016216
0.025811
0.016441
0.023409
0.020445
0.024956
0.021607
0.027356
0.025754
0.017808
0.021644
0.022326
0.023707
0.024509
0.027469
0.022501
0.023662
0.027481
0.027489
0.015999
0.022261
0.019092
0.018948
0.028217
0.021306
0.027559
0.020762
0.030254
0.029018
0.016022
0.019287
0.021163
0.026213
0.028127
0.015468
0.019291
0.024701
0.023165
0.023720
0.022579
0.021695
0.026435
0.030609
0.023174
0.028654
0.031615
0.019681
0.031312
0.025468
0.030033
0.027260
0.027436
0.025674
0.021532
0.018249
0.025759
0.024118
0.013036
0.029682
0.030995
0.017269
0.027149
0.027995
0.014572
0.019318
0.023959
0.026688
0.019660
0.019612
0.027307
0.032481
0.036462
0.019938
0.020753
0.014744
0.025069
0.016752
0.013442
0.021487
0.017001
0.021641
0.018788
0.018449
0.026251
0.025668
0.019836
0.030668
0.019178
0.023252
0.022708
0.024242
0.016152
0.019954
0.020527
0.024190
0.022357
0.020770
0.023618
0.021806
0.029908
0.020309
0.026784
0.023761
0.023065
0.024731
0.022279
0.042473
0.019138
0.025076
0.018708
0.018204
0.024327
0.017438
0.015267
0.016405
0.023191
0.022179
0.022798
0.030522
0.020725
0.034299
0.022590
0.028677
0.018359
0.021818
0.024813
0.014769
0.022709
0.020129
0.031433
0.023151
0.021850
0.018444
0.027741
0.025753
0.019470
0.020537
0.029420
0.021476
0.018673
0.023903
0.028767
0.032693
0.020985
0.023892
0.025113
0.023759
0.021340
0.020419
0.021169
0.024265
0.025158
0.020993
0.021356
0.025481
0.028774
0.018284
0.021240
0.020950
0.021287
0.025684
0.024755
0.020166
0.023085
0.028107
0.025441
0.023434
0.024105
0.029017
0.019462
0.019245
0.021303
0.028888
0.050904
0.019794
0.020836
0.018349
0.047385
0.019273
0.020712
0.021653
0.020292
0.020361
0.016273
0.032655
0.030171
0.023148
0.016273
0.016619
0.017504
0.024493
0.020501
0.015115
0.039289
0.082188
0.020410
0.005457
0.023138
0.017994
0.017660
0.019777
0.028321
0.021439
0.035655
0.030484
0.025223
0.020871
0.022835
0.026158
0.030881
0.037424
0.036148
0.022290
0.018685
0.036648
0.022959
0.022046
0.024662
0.017835
0.026149
0.018855
0.022884
0.013843
0.260107
0.021450
0.028657
0.010440
0.011360
0.017469
0.019339
0.020955
0.029748
0.022457
0.024907
0.017308
0.027850
0.027521
0.020188
0.033561
0.033621
0.045033
0.023733
0.022640
0.015104
0.026522
0.015607
0.016964
0.027066
0.002988
0.023173
0.017315
0.025062
0.023281
0.017146
0.000050
0.027545
0.013511
0.006749
0.016167
0.012946
0.010587
0.022539
0.010436
0.023013
0.013191
0.240208
0.014343
0.057968
0.013423
0.020151
0.014252
0.036795
0.015037
0.011694
0.016923
0.018672
0.014457
0.020942
0.017354
0.008177
0.013823
0.011865
0.012684
0.017306
0.016006
0.029696
0.037251
0.038921
0.018980
0.019321
0.030295
0.167575
0.020231
0.026449
0.017445
0.007779
0.002093
0.010170
0.016554
0.022886
0.026756
0.013909
0.009367
0.016850
0.015422
0.012352
0.012062
0.013384
0.028715
0.008497
0.013138
0.016702
0.016510
0.018758
0.015543
0.024322
0.016245
0.020481
0.010526
0.017223
0.009398
0.008372
0.017061
0.004773
0.017612
0.032816
0.012086
0.011763
0.015056
0.019840
0.041111
0.026633
0.022222
0.026333
0.018587
0.020964
0.019766
0.019036
0.026119
0.007896
0.010611
0.018779
0.017464
0.013240
0.019657
0.023737
0.022320
0.023745
0.026160
0.026018
0.027473
0.030402
0.028854
0.062438
0.017291
0.020185
0.009152
0.018249
0.018217
0.022949
0.017427
0.014448
0.015045
0.016671
0.015836
0.037607
0.029684
0.043033
0.018033
0.041864
0.016627
0.030528
0.029141
0.018253
0.003106
0.018531
0.023250
0.030706
0.011506
0.012272
0.015281
0.019862
0.020058
0.021559
0.020096
0.023402
0.015247
0.018637
0.019110
0.046909
0.009598
0.012680
0.012418
0.017359
0.017965
0.009951
0.014340
0.020864
0.019618
0.016356
0.019267
0.012710
0.013447
0.018775
0.022897
0.013724
0.013228
0.019559
0.033807
0.016954
0.021536
0.020821
0.020081
0.027067
0.023638
0.032629
0.023152
0.015911
0.013407
0.014822
0.043394
0.020840
0.017568
0.107655
0.028557
0.016098
0.036116
0.032725
0.017705
0.019844
0.044806
0.057886
0.034060
0.052228
0.022670
0.033577
0.034325
0.027939
0.031534
0.025950
0.033424
0.038398
0.028778
0.035773
0.067452
0.028426
0.031070
0.025805
0.024027
0.021565
0.029100
0.031958
0.016670
0.021757
0.036752
0.030559
0.021910
0.023130
0.028988
0.034420
0.022190
0.023510
0.022809
0.028746
0.039302
0.036512
0.034991
0.034495
0.016447
0.025592
0.021307
0.019669
0.031713
0.024126
0.023268
0.020812
0.031662
0.028760
0.037791
0.024516
0.030803
0.020108
0.020648
0.025104
0.041666
0.021601
0.031973
0.022821
0.024725
0.020126
0.034515
0.029369
0.024803
0.025482
0.022339
0.034003
0.019009
0.028354
0.026563
0.022611
0.024267
0.023076
0.032568
0.030179
0.020002
0.028705
0.027831
0.035238
0.025774
0.016335
0.030781
0.020548
0.022542
0.023885
0.034645
0.026830
0.035991
0.025733
0.020013
0.028128
0.022935
0.021394
0.028132
0.024244
0.031659
0.017206
0.036613
0.022974
0.032682
0.018611
0.027197
0.021091
0.028381
0.126983
0.027676
0.036489
0.032256
0.026106
0.024445
0.038140
0.031951
0.039127
0.028051
0.021089
0.030905
0.030530
0.028759
0.034125
0.023511
0.026802
0.030737
0.025873
0.027602
0.038882
0.026916
0.027659
0.025726
0.031145
0.036607
0.035041
0.020167
0.029361
0.020007
0.025248
0.025381
0.025035
0.024320
0.023534
0.028126
0.024607
0.029304
0.021484
0.022841
0.019588
0.033346
0.026499
0.030793
0.049613
0.026673
0.024324
0.020559
0.018171
0.030877
0.037975
0.024539
0.022253
0.044815
0.027377
0.028836
0.030377
0.032710
0.019631
0.021625
0.032366
0.025886
0.027761
0.037666
0.027106
0.032749
0.037273
0.031420
0.029171
0.027306
0.024757
0.044462
0.027471
0.028493
0.027011
0.034192
0.025295
0.019614
0.023265
0.024156
0.024844
0.031391
0.028446
0.031529
0.030648
0.024605
0.031857
0.026781
0.017578
0.016366
0.025963
0.027209
0.030499
0.033543
0.024457
0.026445
0.023681
0.024502
0.025387
0.025562
0.038672
0.018758
0.030494
0.030302
0.029904
0.029633
0.032371
0.032051
0.018819
0.030387
0.050501
0.030670
0.025673
0.034029
0.019977
0.023095
0.025993
0.023249
0.019570
0.024301
0.027575
0.036055
0.031401
0.017540
0.019265
0.016703
0.021391
0.037825
0.019047
0.013573
0.019444
0.021867
0.031721
0.026844
0.024217
0.024656
0.027935
0.021165
0.019742
0.020495
0.033480
0.033899
0.030625
0.021237
0.028437
0.026568
0.028198
0.020010
0.021748
0.025843
0.019367
0.020149
0.030579
0.020623
0.030069
0.031768
0.048084
0.027958
0.033922
0.030160
0.028180
0.021760
0.022426
0.030601
0.026488
0.026517
0.032642
0.020530
0.023753
0.021030
0.025343
0.028015
0.034072
0.032567
0.029099
0.024446
0.025833
0.033510
0.029723
0.032424
0.026180
0.031955
0.030583
0.016358
0.020942
0.018275
0.020586
0.021565
0.034465
0.024059
0.029817
0.023968
0.028382
0.034080
0.024410
0.024569
0.024327
0.020320
0.025679
0.028125
0.028312
0.031579
0.021337
0.023191
0.022122
0.021116
0.020990
0.030554
0.024265
0.030602
0.021318
0.018514
0.020262
0.026444
0.028991
0.032157
0.022114
0.018766
0.036286
0.020104
0.020316
0.024254
0.018576
0.037507
0.028134
0.031279
0.024337
0.029535
0.019828
0.031598
0.035290
0.030206
0.026053
0.024939
0.027742
0.026403
0.024163
0.024829
0.018947
0.024372
0.030602
0.021100
0.029565
0.017115
0.023578
0.019292
0.031375
0.030761
0.025766
0.033123
0.030710
0.032152
0.024175
0.036174
0.026931
0.019874
0.018323
0.019707
0.024711
0.024390
0.023216
0.022725
0.020749
0.022981
0.031306
0.038311
0.020530
0.019070
0.030305
0.024024
0.023417
0.028025
0.029825
0.021247
0.027386
0.052208
0.032859
0.048818
0.030565
0.026117
0.027258
0.035174
0.027337
0.023885
0.180784
0.020903
0.029060
0.030363
0.040704
0.029885
0.022646
0.027850
0.023854
0.020711
0.027117
0.019870
0.027607
0.027805
0.029151
0.027222
0.029912
0.019712
0.032504
0.028950
0.034449
0.030008
0.019626
0.029931
0.027718
0.044607
0.021365
0.026300
0.026875
0.032063
0.037235
0.025190
0.035980
0.026796
0.035090
0.034415
0.026408
0.021879
0.036906
0.026925
0.042699
0.023746
0.036622
0.026041
0.028584
0.045569
0.030962
0.037684
0.041677
0.028848
0.024332
0.026411
0.030519
0.033987
0.024504
0.026144
0.028848
0.053895
0.032224
0.026417
0.022327
0.025037
0.030693
0.032163
0.027571
0.026617
0.030476
0.022353
0.025773
0.027158
0.023359
0.030262
0.031251
0.022253
0.021609
0.027431
0.023853
0.030713
0.027359
0.028753
0.020485
0.028242
0.028594
0.030030
0.026478
0.031770
0.031200
0.023150
0.024272
0.020650
0.025197
0.026591
0.041126
0.028441
0.033041
0.025985
0.015283
0.019728
0.022865
0.024022
0.034212
0.021621
0.027470
0.044016
0.027959
0.026213
0.021465
0.020780
0.027359
0.035950
0.033150
0.019971
0.026162
0.036587
0.028615
0.026488
0.035899
0.022922
0.024681
0.023147
0.021563
0.037127
0.033668
0.019540
0.023982
0.020868
0.031519
0.028728
0.028398
0.024120
0.037020
0.018729
0.020589
0.024641
0.027098
0.028504
0.024381
0.073577
0.026826
0.030676
0.023926
0.021968
0.020286
0.021184
0.022827
0.024293
0.023326
0.035333
0.027669
0.035456
0.019731
0.029328
0.027796
0.028171
0.025923
0.022445
0.028284
0.022280
0.026443
0.085011
0.029538
0.035743
0.029150
0.030802
0.024148
0.032094
0.027285
0.028208
0.030321
0.037161
0.026971
0.022249
0.024898
0.021529
0.068375
0.021562
0.029436
0.022799
0.027224
0.023077
0.024271
0.025362
0.017761
0.024122
0.027108
0.029295
0.030336
0.024279
0.026974
0.014118
0.018604
0.026923
0.026579
0.023642
0.031213
0.021498
0.024674
0.018581
0.019270
0.033203
0.016224
0.025157
0.034733
0.043349
0.025071
0.024966
0.020153
0.045047
0.029388
0.038590
0.025676
0.025871
0.020708
0.015917
0.034740
0.022833
0.027812
0.046658
0.029379
0.023579
0.026366
0.024846
0.030791
0.029370
0.033523
0.021034
0.024946
0.025009
0.022123
0.022512
0.025359
0.021456
0.023503
0.028811
0.033533
0.022329
0.027819
0.026640
0.019830
0.022498
0.022727
0.050670
0.029285
0.025680
0.029640
0.028827
0.027279
0.019015
0.023175
0.020223
0.019261
0.035385
0.028742
0.027924
0.050048
0.033960
0.053062
0.023765
0.031159
0.021892
0.023920
0.023472
0.018017
0.026303
0.018157
0.035581
0.027710
0.022442
0.030710
0.034065
0.026474
0.034633
0.032597
0.028857
0.033995
0.031274
0.030276
0.031057
0.030859
0.026340
0.021778
0.027731
0.021409
0.018624
0.021460
0.021994
0.029352
0.023191
0.016613
0.027583
0.026889
0.043968
0.015939
0.025252
0.015379
0.016759
0.027504
0.029014
0.023270
0.022831
0.033529
0.031461
0.025622
0.019527
0.028204
0.037128
0.017794
0.016626
0.029831
0.032243
0.021812
0.039797
0.030666
0.028201
0.015766
0.023385
0.025427
0.024633
0.028179
0.034901
0.027430
0.034424
0.026623
0.024315
0.019953
0.030824
0.026455
0.042266
0.028540
0.048170
0.027917
0.028534
0.022203
0.030917
0.025992
0.018906
0.027363
0.029339
0.018324
0.026200
0.042284
0.021568
0.021151
0.024922
0.025588
0.024422
0.025411
0.037390
0.017312
0.030723
0.027315
0.026799
0.018293
0.017061
0.021716
0.022438
0.021707
0.034427
0.033247
0.021747
0.031616
0.022819
0.026280
0.018565
0.027937
0.033867
0.033086
0.032278
0.032508
0.026736
0.031629
0.021784
0.019702
0.024487
0.022841
0.027544
0.030516
0.028200
0.025962
0.023327
0.027894
0.027267
0.027888
0.015549
0.038869
0.020109
0.017354
0.019877
0.034047
0.021305
0.025485
0.022952
0.019019
0.024685
0.025170
0.026863
0.034512
0.026719
0.018798
0.017861
0.022087
0.024191
0.018286
0.023407
0.034466
0.028049
0.031038
0.023750
0.031493
0.022678
0.031143
0.027836
0.026295
0.014778
0.018509
0.020362
0.032024
0.024136
0.028613
0.028100
0.025805
0.024732
0.022427
0.032420
0.034342
0.024074
0.027535
0.019227
0.016937
0.021591
0.030631
0.035606
0.029141
0.029634
0.029502
0.022472
0.027660
0.021539
0.025498
0.020642
0.024187
0.028575
0.024842
0.034500
0.026442
0.028272
0.030651
0.037694
0.024670
0.027664
0.023062
0.024365
0.028329
0.018300
0.033803
0.032235
0.021433
0.022190
0.036740
0.022306
0.022687
0.026737
0.022523
0.017207
0.030615
0.030433
0.030865
0.028834
0.022710
0.027515
0.029577
0.026501
0.005782
0.017456
0.028511
0.029419
0.023512
0.021682
0.018964
0.022068
0.019357
0.028975
0.021947
0.023363
0.017912
0.017491
0.031565
0.032336
0.021095
0.022033
0.033448
0.021010
0.029051
0.028361
0.040225
0.026984
0.019483
0.025233
0.020543
0.017940
0.019474
0.022427
0.027654
0.027990
0.031863
0.018337
0.024198
0.022331
0.019580
0.034462
0.025677
0.021265
0.032232
0.017390
0.023632
0.033290
0.025623
0.017147
0.018377
0.024465
0.018827
0.020624
0.027164
0.019157
0.024626
0.021689
0.021616
0.024012
0.041166
0.028226
0.029294
0.024151
0.022782
0.024395
0.019648
0.021932
0.017472
0.021311
0.024151
0.046567
0.018359
0.019011
0.022301
0.019465
0.022341
0.023429
0.020666
0.016371
0.017660
0.023547
0.021338
0.014479
0.020840
0.017990
0.023415
0.025771
0.018329
0.018529
0.016496
0.022989
0.018404
0.022460
0.021499
0.026170
0.018676
0.021834
0.027049
0.022338
0.021619
0.015326
0.017268
0.021715
0.019730
0.031581
0.021865
0.020585
0.017119
0.017672
0.017521
0.022780
0.020742
0.017390
0.014635
0.022032
0.028405
0.020962
0.022762
0.018051
0.020750
0.017421
0.021439
0.026016
0.024774
0.026621
0.021429
0.008370
0.015640
0.018100
0.020955
0.018672
0.022745
0.020866
0.022348
0.022583
0.021843
0.024088
0.020654
0.028768
0.029965
0.032819
0.020193
0.011321
0.022260
0.030649
0.022377
0.026747
0.028867
0.033135
0.024947
0.029804
0.020741
0.031271
0.018387
0.020818
0.018817
0.030218
0.018463
0.022758
0.029086
0.023443
0.025344
0.026005
0.027359
0.023963
0.016324
0.020497
0.023082
0.026727
0.017775
0.027044
0.023155
0.017234
0.019822
0.021191
0.017096
0.022570
0.023710
0.023873
0.045946
0.022701
0.024108
0.012502
0.017146
0.016391
0.035565
0.049456
0.023594
0.021440
0.016251
0.031525
0.019082
0.024991
0.023483
0.019600
0.017661
0.026701
0.024286
0.030097
0.029391
0.036150
0.013181
0.014624
0.015702
0.019498
0.023722
0.017289
0.019599
0.027837
0.031469
0.026913
0.030684
0.017400
0.017366
0.017395
0.025000
0.019533
0.021364
0.018623
0.014852
0.037528
0.023891
0.033664
0.015677
0.016474
0.020604
0.024291
0.015595
0.025904
0.023042
0.016356
0.058345
0.018099
0.019767
0.025641
0.015951
0.015460
0.020634
0.011942
0.012989
0.017725
0.024578
0.016067
0.033070
0.020709
0.027832
0.019207
0.016801
0.017504
0.015866
0.019251
0.012662
0.017432
0.016522
0.018136
0.033527
0.019755
0.026297
0.029086
0.035518
0.025896
0.018442
0.023714
0.028211
0.030777
0.026543
0.037272
0.018555
0.027102
0.020426
0.020014
0.017406
0.025241
0.019012
0.026009
0.024931
0.024544
0.024958
0.023072
0.019961
0.019424
0.024948
0.024251
0.015516
0.029661
0.017438
0.067764
0.024345
0.028185
0.020994
0.015759
0.019512
0.023794
0.026803
0.041199
0.028547
0.037466
0.029697
0.023584
0.026807
0.016085
0.017742
0.025633
0.022877
0.025255
0.026717
0.021893
0.026268
0.020034
0.023826
0.028171
0.019975
0.023714
0.035626
0.017616
0.015492
0.026180
0.036354
0.019909
0.027742
0.020805
0.027044
0.019381
0.022832
0.023670
0.023113
0.024819
0.020389
0.021276
0.025128
0.022083
0.023105
0.029275
0.028072
0.026873
0.019076
0.018488
0.027491
0.005649
0.023213
0.051799
0.019177
0.032217
0.017432
0.020707
0.022868
0.027485
0.021236
0.017554
0.024779
0.025623
0.021054
0.018108
0.019578
0.018128
0.021605
0.016500
0.015131
0.017987
0.011326
0.013521
0.022986
0.024305
0.027018
0.020087
0.021642
0.025869
0.017977
0.019629
0.022944
0.019923
0.016542
0.017434
0.027925
0.023122
0.016693
0.020463
0.016064
0.023222
0.021344
0.015141
0.019972
0.020394
0.015350
0.025813
0.017954
0.018328
0.019311
0.022385
0.023212
0.018398
0.021946
0.028845
0.018866
0.021949
0.013790
0.021220
0.022594
0.018878
0.024503
0.019798
0.021992
0.019289
0.018752
0.016677
0.019102
0.022272
0.026789
0.023611
0.015862
0.019993
0.016649
0.020369
0.014937
0.018340
0.026613
0.018880
0.020546
0.024130
0.019872
0.022166
0.024366
0.016116
0.019838
0.018017
0.018039
0.026375
0.017257
0.018576
0.015839
0.017558
0.021128
0.022795
0.021282
0.041853
0.016275
0.015999
0.028337
0.016515
0.017070
0.016186
0.016342
0.025792
0.020261
0.022035
0.018480
0.017996
0.023156
0.027176
0.020953
0.019904
0.024220
0.017591
0.027113
0.013495
0.021713
0.020415
0.012929
0.021754
0.024912
0.027619
0.021819
0.025360
0.017914
0.021413
0.013972
0.024255
0.021592
0.022930
0.024426
0.023763
0.031209
0.019086
0.028451
0.015390
0.013267
0.019720
0.020519
0.024221
0.022427
0.016487
0.012781
0.016372
0.016607
0.020487
0.017202
0.012877
0.011353
0.014513
0.020093
0.027197
0.019464
0.022329
0.015266
0.016919
0.020663
0.014248
0.021228
0.020263
0.028095
0.016152
0.014762
0.026713
0.017181
0.021591
0.015848
0.021209
0.045134
